#usda 1.0
(
    defaultPrim = "smplx_humanoid"
    upAxis = "Z"
)

def Xform "smplx_humanoid" (
    delete apiSchemas = ["PhysicsArticulationRootAPI", "PhysxArticulationAPI"]
)
{
    def Xform "bodies"
    {
        quatd xformOp:orient = (1, 0, 0, 0)
        double3 xformOp:scale = (1, 1, 1)
        double3 xformOp:translate = (0, 0, 0)
        uniform token[] xformOpOrder = ["xformOp:translate", "xformOp:orient", "xformOp:scale"]

        def Xform "Pelvis" (
            prepend apiSchemas = ["PhysicsRigidBodyAPI", "PhysxRigidBodyAPI", "PhysicsMassAPI", "PhysicsFilteredPairsAPI", "PhysicsArticulationRootAPI", "PhysxArticulationAPI", "AnimationDataAPI"]
        )
        {
            float physics:density = 0
            matrix4d xformOp:transform = ( (1, 0, 0, 0), (0, 1, 0, 0), (0, 0, 1, 0), (0.003100000089034438, -0.3513999879360199, 0.012000000104308128, 1) )
            uniform token[] xformOpOrder = ["xformOp:transform"]

            def "collisions"
            {
                def Cube "_geom_0" (
                    apiSchemas = ["PhysicsCollisionAPI", "PhysicsMeshCollisionAPI"]
                )
                {
                    float3[] extent = [(-0.084, -0.1079, -0.0846), (0.084, 0.1079, 0.0846)]
                    uniform token physics:approximation = "boundingCube"
                    uniform token purpose = "guide"
                    matrix4d xformOp:transform = ( (0.08399999886751175, 0, 0, 0), (0, 0.10790000110864639, 0, 0), (0, 0, 0.08460000157356262, 0), (-0.01679999940097332, -0.003100000089034438, -0.0215000007301569, 1) )
                    uniform token[] xformOpOrder = ["xformOp:transform"]
                }
            }

            def "visuals"
            {
                def Cube "_geom_0" (
                    apiSchemas = ["MaterialBindingAPI"]
                )
                {
                    float3[] extent = [(-0.084, -0.1079, -0.0846), (0.084, 0.1079, 0.0846)]
                    
                    matrix4d xformOp:transform = ( (0.08399999886751175, 0, 0, 0), (0, 0.10790000110864639, 0, 0), (0, 0, 0.08460000157356262, 0), (-0.01679999940097332, -0.003100000089034438, -0.0215000007301569, 1) )
                    uniform token[] xformOpOrder = ["xformOp:transform"]
                }
            }
        }

        def Xform "L_Hip" (
            apiSchemas = ["PhysicsRigidBodyAPI", "PhysxRigidBodyAPI", "PhysicsMassAPI", "PhysicsFilteredPairsAPI"]
        )
        {
            float physics:density = 0
            matrix4d xformOp:transform = ( (1, 0, 0, 0), (0, 1, 0, 0), (0, 0, 1, 0), (-0.02290000021457672, -0.29319998621940613, -0.08079999685287476, 1) )
            uniform token[] xformOpOrder = ["xformOp:transform"]

            def "collisions"
            {
                def Capsule "_geom_1" (
                    apiSchemas = ["PhysicsCollisionAPI", "PhysicsMeshCollisionAPI"]
                )
                {
                    uniform token axis = "X"
                    float3[] extent = [(-0.175319, -0.0605, -0.0605), (0.175319, 0.0605, 0.0605)]
                    double height = 0.2296379953622818
                    uniform token physics:approximation = "convexHull"
                    uniform token purpose = "guide"
                    double radius = 0.060499999672174454
                    matrix4d xformOp:transform = ( (-0.024386089686322165, 0.14326896495800767, -0.9893832281363757, 0), (-0.14326896495800767, 0.9789609401958844, 0.1452910119930806, 0), (0.9893832281363757, 0.1452910119930806, -0.003347029882206698, 0), (-0.004699999932199717, 0.02735000103712082, -0.18940000236034393, 1) )
                    uniform token[] xformOpOrder = ["xformOp:transform"]
                }
            }

            def "visuals"
            {
                def Capsule "_geom_1" (
                    apiSchemas = ["MaterialBindingAPI"]
                )
                {
                    uniform token axis = "X"
                    float3[] extent = [(-0.175319, -0.0605, -0.0605), (0.175319, 0.0605, 0.0605)]
                    double height = 0.2296379953622818
                    
                    double radius = 0.060499999672174454
                    matrix4d xformOp:transform = ( (-0.024386089686322165, 0.14326896495800767, -0.9893832281363757, 0), (-0.14326896495800767, 0.9789609401958844, 0.1452910119930806, 0), (0.9893832281363757, 0.1452910119930806, -0.003347029882206698, 0), (-0.004699999932199717, 0.02735000103712082, -0.18940000236034393, 1) )
                    uniform token[] xformOpOrder = ["xformOp:transform"]
                }
            }
        }

        def Xform "L_Knee" (
            apiSchemas = ["PhysicsRigidBodyAPI", "PhysxRigidBodyAPI", "PhysicsMassAPI", "PhysicsFilteredPairsAPI"]
        )
        {
            float physics:density = 0
            rel physics:filteredPairs = [
                </smplx_humanoid/bodies/L_Toe>,
                </smplx_humanoid/bodies/R_Ankle>,
                </smplx_humanoid/bodies/R_Toe>,
            ]
            matrix4d xformOp:transform = ( (1, 0, 0, 0), (0, 1, 0, 0), (0, 0, 1, 0), (-0.03229999914765358, -0.2384999841451645, -0.4596000015735626, 1) )
            uniform token[] xformOpOrder = ["xformOp:transform"]

            def "collisions"
            {
                def Capsule "_geom_2" (
                    apiSchemas = ["PhysicsCollisionAPI", "PhysicsMeshCollisionAPI"]
                )
                {
                    uniform token axis = "X"
                    float3[] extent = [(-0.1752767, -0.0533, -0.0533), (0.1752767, 0.0533, 0.0533)]
                    double height = 0.2439534068107605
                    uniform token physics:approximation = "convexHull"
                    uniform token purpose = "guide"
                    double radius = 0.053300000727176666
                    matrix4d xformOp:transform = ( (-0.0782935535820326, -0.10698763973340952, -0.9911728737064749, 0), (0.10698763973340952, 0.9875813430202771, -0.11505100922721923, 0), (0.9911728737064749, -0.11505100922721923, -0.06587489660230972, 0), (-0.015949999913573265, -0.02174999937415123, -0.20149999856948853, 1) )
                    uniform token[] xformOpOrder = ["xformOp:transform"]
                }
            }

            def "visuals"
            {
                def Capsule "_geom_2" (
                    apiSchemas = ["MaterialBindingAPI"]
                )
                {
                    uniform token axis = "X"
                    float3[] extent = [(-0.1752767, -0.0533, -0.0533), (0.1752767, 0.0533, 0.0533)]
                    double height = 0.2439534068107605
                    
                    double radius = 0.053300000727176666
                    matrix4d xformOp:transform = ( (-0.0782935535820326, -0.10698763973340952, -0.9911728737064749, 0), (0.10698763973340952, 0.9875813430202771, -0.11505100922721923, 0), (0.9911728737064749, -0.11505100922721923, -0.06587489660230972, 0), (-0.015949999913573265, -0.02174999937415123, -0.20149999856948853, 1) )
                    uniform token[] xformOpOrder = ["xformOp:transform"]
                }
            }
        }

        def Xform "L_Ankle" (
            apiSchemas = ["PhysicsRigidBodyAPI", "PhysxRigidBodyAPI", "PhysicsMassAPI", "PhysicsFilteredPairsAPI"]
        )
        {
            float physics:density = 0
            rel physics:filteredPairs = </smplx_humanoid/bodies/R_Knee>
            matrix4d xformOp:transform = ( (1, 0, 0, 0), (0, 1, 0, 0), (0, 0, 1, 0), (-0.06419999897480011, -0.28199997544288635, -0.8626999855041504, 1) )
            uniform token[] xformOpOrder = ["xformOp:transform"]

            def "collisions"
            {
                def Cube "_geom_3" (
                    apiSchemas = ["PhysicsCollisionAPI", "PhysicsMeshCollisionAPI"]
                )
                {
                    float3[] extent = [(-0.0857, -0.0498, -0.0463), (0.0857, 0.0498, 0.0463)]
                    uniform token physics:approximation = "boundingCube"
                    uniform token purpose = "guide"
                    matrix4d xformOp:transform = ( (0.08569999784231186, 0, 0, 0), (0, 0.049800001084804535, 0, 0), (0, 0, 0.046300001442432404, 0), (0.02319999970495701, 0.040699999779462814, -0.028699999675154686, 1) )
                    uniform token[] xformOpOrder = ["xformOp:transform"]
                }
            }

            def "visuals"
            {
                def Cube "_geom_3" (
                    apiSchemas = ["MaterialBindingAPI"]
                )
                {
                    float3[] extent = [(-0.0857, -0.0498, -0.0463), (0.0857, 0.0498, 0.0463)]
                    
                    matrix4d xformOp:transform = ( (0.08569999784231186, 0, 0, 0), (0, 0.049800001084804535, 0, 0), (0, 0, 0.046300001442432404, 0), (0.02319999970495701, 0.040699999779462814, -0.028699999675154686, 1) )
                    uniform token[] xformOpOrder = ["xformOp:transform"]
                }
            }
        }

        def Xform "L_Toe" (
            apiSchemas = ["PhysicsRigidBodyAPI", "PhysxRigidBodyAPI", "PhysicsMassAPI", "PhysicsFilteredPairsAPI"]
        )
        {
            float physics:density = 0
            rel physics:filteredPairs = [
                </smplx_humanoid/bodies/L_Knee>,
                </smplx_humanoid/bodies/R_Knee>,
            ]
            matrix4d xformOp:transform = ( (1, 0, 0, 0), (0, 1, 0, 0), (0, 0, 1, 0), (0.053999997675418854, -0.23469997942447662, -0.920699954032898, 1) )
            uniform token[] xformOpOrder = ["xformOp:transform"]

            def "collisions"
            {
                def Cube "_geom_4" (
                    apiSchemas = ["PhysicsCollisionAPI", "PhysicsMeshCollisionAPI"]
                )
                {
                    float3[] extent = [(-0.0495, -0.0478, -0.0205), (0.0495, 0.0478, 0.0205)]
                    uniform token physics:approximation = "boundingCube"
                    uniform token purpose = "guide"
                    matrix4d xformOp:transform = ( (0.0494999997317791, 0, 0, 0), (0, 0.04780000075697899, 0, 0), (0, 0, 0.020500000566244125, 0), (0.025599999353289604, -0.006500000134110451, 0.0034000000450760126, 1) )
                    uniform token[] xformOpOrder = ["xformOp:transform"]
                }
            }

            def "visuals"
            {
                def Cube "_geom_4" (
                    apiSchemas = ["MaterialBindingAPI"]
                )
                {
                    float3[] extent = [(-0.0495, -0.0478, -0.0205), (0.0495, 0.0478, 0.0205)]
                    
                    matrix4d xformOp:transform = ( (0.0494999997317791, 0, 0, 0), (0, 0.04780000075697899, 0, 0), (0, 0, 0.020500000566244125, 0), (0.025599999353289604, -0.006500000134110451, 0.0034000000450760126, 1) )
                    uniform token[] xformOpOrder = ["xformOp:transform"]
                }
            }
        }

        def Xform "R_Hip" (
            apiSchemas = ["PhysicsRigidBodyAPI", "PhysxRigidBodyAPI", "PhysicsMassAPI", "PhysicsFilteredPairsAPI"]
        )
        {
            float physics:density = 0
            matrix4d xformOp:transform = ( (1, 0, 0, 0), (0, 1, 0, 0), (0, 0, 1, 0), (-0.018199998885393143, -0.4146999716758728, -0.09189999848604202, 1) )
            uniform token[] xformOpOrder = ["xformOp:transform"]

            def "collisions"
            {
                def Capsule "_geom_5" (
                    apiSchemas = ["PhysicsCollisionAPI", "PhysicsMeshCollisionAPI"]
                )
                {
                    uniform token axis = "X"
                    float3[] extent = [(-0.16942702, -0.0598, -0.0598), (0.16942702, 0.0598, 0.0598)]
                    double height = 0.2192540466785431
                    uniform token physics:approximation = "convexHull"
                    uniform token purpose = "guide"
                    double radius = 0.05979999899864197
                    matrix4d xformOp:transform = ( (-0.046065398824367776, -0.12132045752650811, -0.9915439652292406, 0), (0.12132045752650811, 0.9845705860934686, -0.1261035653669751, 0), (0.9915439652292406, -0.1261035653669751, -0.030635984917836367, 0), (-0.008450000546872616, -0.022099999710917473, -0.18119999766349792, 1) )
                    uniform token[] xformOpOrder = ["xformOp:transform"]
                }
            }

            def "visuals"
            {
                def Capsule "_geom_5" (
                    apiSchemas = ["MaterialBindingAPI"]
                )
                {
                    uniform token axis = "X"
                    float3[] extent = [(-0.16942702, -0.0598, -0.0598), (0.16942702, 0.0598, 0.0598)]
                    double height = 0.2192540466785431
                    
                    double radius = 0.05979999899864197
                    matrix4d xformOp:transform = ( (-0.046065398824367776, -0.12132045752650811, -0.9915439652292406, 0), (0.12132045752650811, 0.9845705860934686, -0.1261035653669751, 0), (0.9915439652292406, -0.1261035653669751, -0.030635984917836367, 0), (-0.008450000546872616, -0.022099999710917473, -0.18119999766349792, 1) )
                    uniform token[] xformOpOrder = ["xformOp:transform"]
                }
            }
        }

        def Xform "R_Knee" (
            apiSchemas = ["PhysicsRigidBodyAPI", "PhysxRigidBodyAPI", "PhysicsMassAPI", "PhysicsFilteredPairsAPI"]
        )
        {
            float physics:density = 0
            rel physics:filteredPairs = [
                </smplx_humanoid/bodies/L_Ankle>,
                </smplx_humanoid/bodies/L_Toe>,
                </smplx_humanoid/bodies/R_Toe>,
            ]
            matrix4d xformOp:transform = ( (1, 0, 0, 0), (0, 1, 0, 0), (0, 0, 1, 0), (-0.034999996423721313, -0.45889997482299805, -0.4542999863624573, 1) )
            uniform token[] xformOpOrder = ["xformOp:transform"]

            def "collisions"
            {
                def Capsule "_geom_6" (
                    apiSchemas = ["PhysicsCollisionAPI", "PhysicsMeshCollisionAPI"]
                )
                {
                    uniform token axis = "X"
                    float3[] extent = [(-0.17858656, -0.0551, -0.0551), (0.17858656, 0.0551, 0.0551)]
                    double height = 0.24697311222553253
                    uniform token physics:approximation = "convexHull"
                    uniform token purpose = "guide"
                    double radius = 0.05510000139474869
                    matrix4d xformOp:transform = ( (-0.04939813577483676, 0.03725101411461651, -0.9980842260438294, 0), (-0.03725101411461651, 0.9985402530821686, 0.0391116968848344, 0), (0.9980842260438294, 0.0391116968848344, -0.04793838885700552, 0), (-0.010100000537931919, 0.007699999958276749, -0.20534999668598175, 1) )
                    uniform token[] xformOpOrder = ["xformOp:transform"]
                }
            }

            def "visuals"
            {
                def Capsule "_geom_6" (
                    apiSchemas = ["MaterialBindingAPI"]
                )
                {
                    uniform token axis = "X"
                    float3[] extent = [(-0.17858656, -0.0551, -0.0551), (0.17858656, 0.0551, 0.0551)]
                    double height = 0.24697311222553253
                    
                    double radius = 0.05510000139474869
                    matrix4d xformOp:transform = ( (-0.04939813577483676, 0.03725101411461651, -0.9980842260438294, 0), (-0.03725101411461651, 0.9985402530821686, 0.0391116968848344, 0), (0.9980842260438294, 0.0391116968848344, -0.04793838885700552, 0), (-0.010100000537931919, 0.007699999958276749, -0.20534999668598175, 1) )
                    uniform token[] xformOpOrder = ["xformOp:transform"]
                }
            }
        }

        def Xform "R_Ankle" (
            apiSchemas = ["PhysicsRigidBodyAPI", "PhysxRigidBodyAPI", "PhysicsMassAPI", "PhysicsFilteredPairsAPI"]
        )
        {
            float physics:density = 0
            rel physics:filteredPairs = </smplx_humanoid/bodies/L_Knee>
            matrix4d xformOp:transform = ( (1, 0, 0, 0), (0, 1, 0, 0), (0, 0, 1, 0), (-0.05519999563694, -0.44349998235702515, -0.8650000095367432, 1) )
            uniform token[] xformOpOrder = ["xformOp:transform"]

            def "collisions"
            {
                def Cube "_geom_7" (
                    apiSchemas = ["PhysicsCollisionAPI", "PhysicsMeshCollisionAPI"]
                )
                {
                    float3[] extent = [(-0.0857, -0.0498, -0.0464), (0.0857, 0.0498, 0.0464)]
                    uniform token physics:approximation = "boundingCube"
                    uniform token purpose = "guide"
                    matrix4d xformOp:transform = ( (0.08569999784231186, 0, 0, 0), (0, 0.049800001084804535, 0, 0), (0, 0, 0.04639999940991402, 0), (0.0142000000923872, -0.024299999698996544, -0.02630000002682209, 1) )
                    uniform token[] xformOpOrder = ["xformOp:transform"]
                }
            }

            def "visuals"
            {
                def Cube "_geom_7" (
                    apiSchemas = ["MaterialBindingAPI"]
                )
                {
                    float3[] extent = [(-0.0857, -0.0498, -0.0464), (0.0857, 0.0498, 0.0464)]
                    
                    matrix4d xformOp:transform = ( (0.08569999784231186, 0, 0, 0), (0, 0.049800001084804535, 0, 0), (0, 0, 0.04639999940991402, 0), (0.0142000000923872, -0.024299999698996544, -0.02630000002682209, 1) )
                    uniform token[] xformOpOrder = ["xformOp:transform"]
                }
            }
        }

        def Xform "R_Toe" (
            apiSchemas = ["PhysicsRigidBodyAPI", "PhysxRigidBodyAPI", "PhysicsMassAPI", "PhysicsFilteredPairsAPI"]
        )
        {
            float physics:density = 0
            rel physics:filteredPairs = [
                </smplx_humanoid/bodies/L_Knee>,
                </smplx_humanoid/bodies/R_Knee>,
            ]
            matrix4d xformOp:transform = ( (1, 0, 0, 0), (0, 1, 0, 0), (0, 0, 1, 0), (0.06380000710487366, -0.4822999835014343, -0.92330002784729, 1) )
            uniform token[] xformOpOrder = ["xformOp:transform"]

            def "collisions"
            {
                def Cube "_geom_8" (
                    apiSchemas = ["PhysicsCollisionAPI", "PhysicsMeshCollisionAPI"]
                )
                {
                    float3[] extent = [(-0.0495, -0.0478, -0.0205), (0.0495, 0.0478, 0.0205)]
                    uniform token physics:approximation = "boundingCube"
                    uniform token purpose = "guide"
                    matrix4d xformOp:transform = ( (0.0494999997317791, 0, 0, 0), (0, 0.04780000075697899, 0, 0), (0, 0, 0.020500000566244125, 0), (0.015799999237060547, 0.014499999582767487, 0.006200000178068876, 1) )
                    uniform token[] xformOpOrder = ["xformOp:transform"]
                }
            }

            def "visuals"
            {
                def Cube "_geom_8" (
                    apiSchemas = ["MaterialBindingAPI"]
                )
                {
                    float3[] extent = [(-0.0495, -0.0478, -0.0205), (0.0495, 0.0478, 0.0205)]
                    
                    matrix4d xformOp:transform = ( (0.0494999997317791, 0, 0, 0), (0, 0.04780000075697899, 0, 0), (0, 0, 0.020500000566244125, 0), (0.015799999237060547, 0.014499999582767487, 0.006200000178068876, 1) )
                    uniform token[] xformOpOrder = ["xformOp:transform"]
                }
            }
        }

        def Xform "Torso" (
            apiSchemas = ["PhysicsRigidBodyAPI", "PhysxRigidBodyAPI", "PhysicsMassAPI", "PhysicsFilteredPairsAPI"]
        )
        {
            float physics:density = 0
            rel physics:filteredPairs = </smplx_humanoid/bodies/Chest>
            matrix4d xformOp:transform = ( (1, 0, 0, 0), (0, 1, 0, 0), (0, 0, 1, 0), (-0.02449999935925007, -0.35419997572898865, 0.12189999967813492, 1) )
            uniform token[] xformOpOrder = ["xformOp:transform"]

            def "collisions"
            {
                def Capsule "_geom_9" (
                    apiSchemas = ["PhysicsCollisionAPI", "PhysicsMeshCollisionAPI"]
                )
                {
                    uniform token axis = "X"
                    float3[] extent = [(-0.07852212, -0.0719, -0.0719), (0.07852212, 0.0719, 0.0719)]
                    double height = 0.013244240544736385
                    uniform token physics:approximation = "convexHull"
                    uniform token purpose = "guide"
                    double radius = 0.07190000265836716
                    matrix4d xformOp:transform = ( (-0.045302761709778316, 0.06795406019937111, 0.9966594535015361, 0), (-0.06795406019937111, 0.9951631225393233, -0.07094086258375754, 0), (-0.9966594535015361, -0.07094086258375754, -0.04046588424910169, 0), (-0.003000000026077032, 0.004750000312924385, 0.06589999794960022, 1) )
                    uniform token[] xformOpOrder = ["xformOp:transform"]
                }
            }

            def "visuals"
            {
                def Capsule "_geom_9" (
                    apiSchemas = ["MaterialBindingAPI"]
                )
                {
                    uniform token axis = "X"
                    float3[] extent = [(-0.07852212, -0.0719, -0.0719), (0.07852212, 0.0719, 0.0719)]
                    double height = 0.013244240544736385
                    
                    double radius = 0.07190000265836716
                    matrix4d xformOp:transform = ( (-0.045302761709778316, 0.06795406019937111, 0.9966594535015361, 0), (-0.06795406019937111, 0.9951631225393233, -0.07094086258375754, 0), (-0.9966594535015361, -0.07094086258375754, -0.04046588424910169, 0), (-0.003000000026077032, 0.004750000312924385, 0.06589999794960022, 1) )
                    uniform token[] xformOpOrder = ["xformOp:transform"]
                }
            }
        }

        def Xform "Spine" (
            apiSchemas = ["PhysicsRigidBodyAPI", "PhysxRigidBodyAPI", "PhysicsMassAPI", "PhysicsFilteredPairsAPI"]
        )
        {
            float physics:density = 0
            matrix4d xformOp:transform = ( (1, 0, 0, 0), (0, 1, 0, 0), (0, 0, 1, 0), (-0.030400000512599945, -0.3447999656200409, 0.25380000472068787, 1) )
            uniform token[] xformOpOrder = ["xformOp:transform"]

            def "collisions"
            {
                def Capsule "_geom_10" (
                    apiSchemas = ["PhysicsCollisionAPI", "PhysicsMeshCollisionAPI"]
                )
                {
                    uniform token axis = "X"
                    float3[] extent = [(-0.079003744, -0.076, -0.076), (0.079003744, 0.076, 0.076)]
                    double height = 0.006007495801895857
                    uniform token physics:approximation = "convexHull"
                    uniform token purpose = "guide"
                    double radius = 0.07599999755620956
                    matrix4d xformOp:transform = ( (0.4660842410704791, -0.18310460126078887, 0.8655854898427435, 0), (0.18310460126078887, 0.9771314009742755, 0.10810611723244534, 0), (-0.8655854898427435, 0.10810611723244534, 0.48895284009620354, 0), (0.0142000000923872, -0.0056500001810491085, 0.026099998503923416, 1) )
                    uniform token[] xformOpOrder = ["xformOp:transform"]
                }
            }

            def "visuals"
            {
                def Capsule "_geom_10" (
                    apiSchemas = ["MaterialBindingAPI"]
                )
                {
                    uniform token axis = "X"
                    float3[] extent = [(-0.079003744, -0.076, -0.076), (0.079003744, 0.076, 0.076)]
                    double height = 0.006007495801895857
                    
                    double radius = 0.07599999755620956
                    matrix4d xformOp:transform = ( (0.4660842410704791, -0.18310460126078887, 0.8655854898427435, 0), (0.18310460126078887, 0.9771314009742755, 0.10810611723244534, 0), (-0.8655854898427435, 0.10810611723244534, 0.48895284009620354, 0), (0.0142000000923872, -0.0056500001810491085, 0.026099998503923416, 1) )
                    uniform token[] xformOpOrder = ["xformOp:transform"]
                }
            }
        }

        def Xform "Chest" (
            apiSchemas = ["PhysicsRigidBodyAPI", "PhysxRigidBodyAPI", "PhysicsMassAPI", "PhysicsFilteredPairsAPI"]
        )
        {
            float physics:density = 0
            rel physics:filteredPairs = [
                </smplx_humanoid/bodies/Torso>,
                </smplx_humanoid/bodies/Head>,
                </smplx_humanoid/bodies/L_Shoulder>,
                </smplx_humanoid/bodies/R_Shoulder>,
            ]
            matrix4d xformOp:transform = ( (1, 0, 0, 0), (0, 1, 0, 0), (0, 0, 1, 0), (-0.0020000003278255463, -0.3560999631881714, 0.3059999942779541, 1) )
            uniform token[] xformOpOrder = ["xformOp:transform"]

            def "collisions"
            {
                def Capsule "_geom_11" (
                    apiSchemas = ["PhysicsCollisionAPI", "PhysicsMeshCollisionAPI"]
                )
                {
                    uniform token axis = "X"
                    float3[] extent = [(-0.10842805, -0.1028, -0.1028), (0.10842805, 0.1028, 0.1028)]
                    double height = 0.011256108060479164
                    uniform token physics:approximation = "convexHull"
                    uniform token purpose = "guide"
                    double radius = 0.10279999673366547
                    matrix4d xformOp:transform = ( (-0.15991312805796598, -0.04442031423074866, 0.9861310618748576, 0), (0.04442031423074866, 0.9976512373921333, 0.05214253443943928, 0), (-0.9861310618748576, 0.05214253443943928, -0.15756436545009933, 0), (-0.008700000122189522, -0.0022499999031424522, 0.05574999749660492, 1) )
                    uniform token[] xformOpOrder = ["xformOp:transform"]
                }
            }

            def "visuals"
            {
                def Capsule "_geom_11" (
                    apiSchemas = ["MaterialBindingAPI"]
                )
                {
                    uniform token axis = "X"
                    float3[] extent = [(-0.10842805, -0.1028, -0.1028), (0.10842805, 0.1028, 0.1028)]
                    double height = 0.011256108060479164
                    
                    double radius = 0.10279999673366547
                    matrix4d xformOp:transform = ( (-0.15991312805796598, -0.04442031423074866, 0.9861310618748576, 0), (0.04442031423074866, 0.9976512373921333, 0.05214253443943928, 0), (-0.9861310618748576, 0.05214253443943928, -0.15756436545009933, 0), (-0.008700000122189522, -0.0022499999031424522, 0.05574999749660492, 1) )
                    uniform token[] xformOpOrder = ["xformOp:transform"]
                }
            }
        }

        def Xform "Neck" (
            apiSchemas = ["PhysicsRigidBodyAPI", "PhysxRigidBodyAPI", "PhysicsMassAPI", "PhysicsFilteredPairsAPI"]
        )
        {
            float physics:density = 0
            matrix4d xformOp:transform = ( (1, 0, 0, 0), (0, 1, 0, 0), (0, 0, 1, 0), (-0.03359999880194664, -0.3682999610900879, 0.47119998931884766, 1) )
            uniform token[] xformOpOrder = ["xformOp:transform"]

            def "collisions"
            {
                def Capsule "_geom_12" (
                    apiSchemas = ["PhysicsCollisionAPI", "PhysicsMeshCollisionAPI"]
                )
                {
                    uniform token axis = "X"
                    float3[] extent = [(-0.09101461, -0.0419, -0.0419), (0.09101461, 0.0419, 0.0419)]
                    double height = 0.09822922199964523
                    uniform token physics:approximation = "convexHull"
                    uniform token purpose = "guide"
                    double radius = 0.04190000146627426
                    matrix4d xformOp:transform = ( (0.12725319764637533, 0.15066800641645273, 0.9803600639396777, 0), (-0.15066800641645273, 0.9798618035664504, -0.13103434506629696, 0), (-0.9803600639396777, -0.13103434506629696, 0.14739139407992496, 0), (0.010350000113248825, 0.012399999424815178, 0.08024999499320984, 1) )
                    uniform token[] xformOpOrder = ["xformOp:transform"]
                }
            }

            def "visuals"
            {
                def Capsule "_geom_12" (
                    apiSchemas = ["MaterialBindingAPI"]
                )
                {
                    uniform token axis = "X"
                    float3[] extent = [(-0.09101461, -0.0419, -0.0419), (0.09101461, 0.0419, 0.0419)]
                    double height = 0.09822922199964523
                    
                    double radius = 0.04190000146627426
                    matrix4d xformOp:transform = ( (0.12725319764637533, 0.15066800641645273, 0.9803600639396777, 0), (-0.15066800641645273, 0.9798618035664504, -0.13103434506629696, 0), (-0.9803600639396777, -0.13103434506629696, 0.14739139407992496, 0), (0.010350000113248825, 0.012399999424815178, 0.08024999499320984, 1) )
                    uniform token[] xformOpOrder = ["xformOp:transform"]
                }
            }
        }

        def Xform "Head" (
            apiSchemas = ["PhysicsRigidBodyAPI", "PhysxRigidBodyAPI", "PhysicsMassAPI", "PhysicsFilteredPairsAPI"]
        )
        {
            float physics:density = 0
            rel physics:filteredPairs = </smplx_humanoid/bodies/Chest>
            matrix4d xformOp:transform = ( (1, 0, 0, 0), (0, 1, 0, 0), (0, 0, 1, 0), (-0.01289999857544899, -0.34349995851516724, 0.6316999793052673, 1) )
            uniform token[] xformOpOrder = ["xformOp:transform"]

            def "collisions"
            {
                def Cube "_geom_13" (
                    apiSchemas = ["PhysicsCollisionAPI", "PhysicsMeshCollisionAPI"]
                )
                {
                    float3[] extent = [(-0.0797, -0.0609, -0.1096), (0.0797, 0.0609, 0.1096)]
                    uniform token physics:approximation = "boundingCube"
                    uniform token purpose = "guide"
                    matrix4d xformOp:transform = ( (0.07970000058412552, 0, 0, 0), (0, 0.0608999989926815, 0, 0), (0, 0, 0.1096000000834465, 0), (-0.0007999999797903001, -0.011099999770522118, 0.0414000004529953, 1) )
                    uniform token[] xformOpOrder = ["xformOp:transform"]
                }
            }

            def "visuals"
            {
                def Cube "_geom_13" (
                    apiSchemas = ["MaterialBindingAPI"]
                )
                {
                    float3[] extent = [(-0.0797, -0.0609, -0.1096), (0.0797, 0.0609, 0.1096)]
                    
                    matrix4d xformOp:transform = ( (0.07970000058412552, 0, 0, 0), (0, 0.0608999989926815, 0, 0), (0, 0, 0.1096000000834465, 0), (-0.0007999999797903001, -0.011099999770522118, 0.0414000004529953, 1) )
                    uniform token[] xformOpOrder = ["xformOp:transform"]
                }
            }
        }

        def Xform "L_Thorax" (
            apiSchemas = ["PhysicsRigidBodyAPI", "PhysxRigidBodyAPI", "PhysicsMassAPI", "PhysicsFilteredPairsAPI"]
        )
        {
            float physics:density = 0
            matrix4d xformOp:transform = ( (1, 0, 0, 0), (0, 1, 0, 0), (0, 0, 1, 0), (-0.009200000204145908, -0.3096999526023865, 0.39089998602867126, 1) )
            uniform token[] xformOpOrder = ["xformOp:transform"]

            def "collisions"
            {
                def Capsule "_geom_14" (
                    apiSchemas = ["PhysicsCollisionAPI", "PhysicsMeshCollisionAPI"]
                )
                {
                    uniform token axis = "X"
                    float3[] extent = [(-0.08885352, -0.0488, -0.0488), (0.08885352, 0.0488, 0.0488)]
                    double height = 0.08010704815387726
                    uniform token physics:approximation = "convexHull"
                    uniform token purpose = "guide"
                    double radius = 0.04879999905824661
                    matrix4d xformOp:transform = ( (-0.11609470807417921, 0.8938039815541359, 0.43317034422148026, 0), (-0.8938039815541359, 0.09618655385309438, -0.4380212995904458, 0), (-0.43317034422148026, -0.4380212995904458, 0.7877187380727264, 0), (-0.007750000339001417, 0.05959999933838844, 0.028850000351667404, 1) )
                    uniform token[] xformOpOrder = ["xformOp:transform"]
                }
            }

            def "visuals"
            {
                def Capsule "_geom_14" (
                    apiSchemas = ["MaterialBindingAPI"]
                )
                {
                    uniform token axis = "X"
                    float3[] extent = [(-0.08885352, -0.0488, -0.0488), (0.08885352, 0.0488, 0.0488)]
                    double height = 0.08010704815387726
                    
                    double radius = 0.04879999905824661
                    matrix4d xformOp:transform = ( (-0.11609470807417921, 0.8938039815541359, 0.43317034422148026, 0), (-0.8938039815541359, 0.09618655385309438, -0.4380212995904458, 0), (-0.43317034422148026, -0.4380212995904458, 0.7877187380727264, 0), (-0.007750000339001417, 0.05959999933838844, 0.028850000351667404, 1) )
                    uniform token[] xformOpOrder = ["xformOp:transform"]
                }
            }
        }

        def Xform "L_Shoulder" (
            apiSchemas = ["PhysicsRigidBodyAPI", "PhysxRigidBodyAPI", "PhysicsMassAPI", "PhysicsFilteredPairsAPI"]
        )
        {
            float physics:density = 0
            rel physics:filteredPairs = </smplx_humanoid/bodies/Chest>
            matrix4d xformOp:transform = ( (1, 0, 0, 0), (0, 1, 0, 0), (0, 0, 1, 0), (-0.024700000882148743, -0.19049996137619019, 0.44859999418258667, 1) )
            uniform token[] xformOpOrder = ["xformOp:transform"]

            def "collisions"
            {
                def Capsule "_geom_15" (
                    apiSchemas = ["PhysicsCollisionAPI", "PhysicsMeshCollisionAPI"]
                )
                {
                    uniform token axis = "X"
                    float3[] extent = [(-0.13248293, -0.0522, -0.0522), (0.13248293, 0.0522, 0.0522)]
                    double height = 0.16056585311889648
                    uniform token physics:approximation = "convexHull"
                    uniform token purpose = "guide"
                    double radius = 0.05220000073313713
                    matrix4d xformOp:transform = ( (-0.1588134539177699, 0.9497661794731869, -0.269671341215151, 0), (-0.9497661794731869, -0.07236102302045566, 0.3044802411317509, 0), (0.269671341215151, 0.3044802411317509, 0.9135475691026858, 0), (-0.021250002086162567, 0.1270499974489212, -0.03604999929666519, 1) )
                    uniform token[] xformOpOrder = ["xformOp:transform"]
                }
            }

            def "visuals"
            {
                def Capsule "_geom_15" (
                    apiSchemas = ["MaterialBindingAPI"]
                )
                {
                    uniform token axis = "X"
                    float3[] extent = [(-0.13248293, -0.0522, -0.0522), (0.13248293, 0.0522, 0.0522)]
                    double height = 0.16056585311889648
                    
                    double radius = 0.05220000073313713
                    matrix4d xformOp:transform = ( (-0.1588134539177699, 0.9497661794731869, -0.269671341215151, 0), (-0.9497661794731869, -0.07236102302045566, 0.3044802411317509, 0), (0.269671341215151, 0.3044802411317509, 0.9135475691026858, 0), (-0.021250002086162567, 0.1270499974489212, -0.03604999929666519, 1) )
                    uniform token[] xformOpOrder = ["xformOp:transform"]
                }
            }
        }

        def Xform "L_Elbow" (
            apiSchemas = ["PhysicsRigidBodyAPI", "PhysxRigidBodyAPI", "PhysicsMassAPI", "PhysicsFilteredPairsAPI"]
        )
        {
            float physics:density = 0
            matrix4d xformOp:transform = ( (1, 0, 0, 0), (0, 1, 0, 0), (0, 0, 1, 0), (-0.06720000505447388, 0.06360003352165222, 0.3763999938964844, 1) )
            uniform token[] xformOpOrder = ["xformOp:transform"]

            def "collisions"
            {
                def Capsule "_geom_16" (
                    apiSchemas = ["PhysicsCollisionAPI", "PhysicsMeshCollisionAPI"]
                )
                {
                    uniform token axis = "X"
                    float3[] extent = [(-0.11602709, -0.0401, -0.0401), (0.11602709, 0.0401, 0.0401)]
                    double height = 0.15185417234897614
                    uniform token physics:approximation = "convexHull"
                    uniform token purpose = "guide"
                    double radius = 0.04010000079870224
                    matrix4d xformOp:transform = ( (-0.009878098099095567, 0.9956921380615569, 0.09219372425350869, 0), (-0.9956921380615569, -0.001293617762513577, -0.0927123798250662, 0), (-0.09219372425350869, -0.0927123798250662, 0.991415519663418, 0), (-0.0012500000884756446, 0.12600000202655792, 0.011599999852478504, 1) )
                    uniform token[] xformOpOrder = ["xformOp:transform"]
                }
            }

            def "visuals"
            {
                def Capsule "_geom_16" (
                    apiSchemas = ["MaterialBindingAPI"]
                )
                {
                    uniform token axis = "X"
                    float3[] extent = [(-0.11602709, -0.0401, -0.0401), (0.11602709, 0.0401, 0.0401)]
                    double height = 0.15185417234897614
                    
                    double radius = 0.04010000079870224
                    matrix4d xformOp:transform = ( (-0.009878098099095567, 0.9956921380615569, 0.09219372425350869, 0), (-0.9956921380615569, -0.001293617762513577, -0.0927123798250662, 0), (-0.09219372425350869, -0.0927123798250662, 0.991415519663418, 0), (-0.0012500000884756446, 0.12600000202655792, 0.011599999852478504, 1) )
                    uniform token[] xformOpOrder = ["xformOp:transform"]
                }
            }
        }

        def Xform "L_Wrist" (
            apiSchemas = ["PhysicsRigidBodyAPI", "PhysxRigidBodyAPI", "PhysicsMassAPI", "PhysicsFilteredPairsAPI"]
        )
        {
            float physics:density = 0
            matrix4d xformOp:transform = ( (1, 0, 0, 0), (0, 1, 0, 0), (0, 0, 1, 0), (-0.06970000267028809, 0.31560003757476807, 0.39959999918937683, 1) )
            uniform token[] xformOpOrder = ["xformOp:transform"]

            def "collisions"
            {
                def Cube "_geom_17" (
                    apiSchemas = ["PhysicsCollisionAPI", "PhysicsMeshCollisionAPI"]
                )
                {
                    float3[] extent = [(-0.04, -0.0428, -0.0159), (0.04, 0.0428, 0.0159)]
                    uniform token physics:approximation = "boundingCube"
                    uniform token purpose = "guide"
                    matrix4d xformOp:transform = ( (0.03999999910593033, 0, 0, 0), (0, 0.04280000180006027, 0, 0), (0, 0, 0.01590000092983246, 0), (-0.003100000089034438, 0.052299998700618744, -0.0013000000035390258, 1) )
                    uniform token[] xformOpOrder = ["xformOp:transform"]
                }
            }

            def "visuals"
            {
                def Cube "_geom_17" (
                    apiSchemas = ["MaterialBindingAPI"]
                )
                {
                    float3[] extent = [(-0.04, -0.0428, -0.0159), (0.04, 0.0428, 0.0159)]
                    
                    matrix4d xformOp:transform = ( (0.03999999910593033, 0, 0, 0), (0, 0.04280000180006027, 0, 0), (0, 0, 0.01590000092983246, 0), (-0.003100000089034438, 0.052299998700618744, -0.0013000000035390258, 1) )
