#usda 1.0
(
    defaultPrim = "smpl_humanoid"
    upAxis = "Z"
)

def Xform "smpl_humanoid" (
    delete apiSchemas = ["PhysicsArticulationRootAPI", "PhysxArticulationAPI"]
)
{

    def Xform "bodies"
    {
        quatd xformOp:orient = (1, 0, 0, 0)
        double3 xformOp:scale = (1, 1, 1)
        double3 xformOp:translate = (0, 0, 0)
        uniform token[] xformOpOrder = ["xformOp:translate", "xformOp:orient", "xformOp:scale"]


        def Xform "Pelvis" (
            prepend apiSchemas = ["PhysicsRigidBodyAPI", "PhysxRigidBodyAPI", "PhysicsMassAPI", "PhysicsFilteredPairsAPI", "PhysicsArticulationRootAPI", "PhysxArticulationAPI", "AnimationDataAPI"]
        )
        {
            float physics:density = 0
            matrix4d xformOp:transform = ( (1, 0, 0, 0), (0, 1, 0, 0), (0, 0, 1, 0), (-0.0017999999690800905, -0.2232999950647354, 0.028200000524520874, 1) )
            uniform token[] xformOpOrder = ["xformOp:transform"]

            def "collisions"
            {
                def Cube "Pelvis" (
                    apiSchemas = ["PhysicsCollisionAPI", "PhysicsMeshCollisionAPI"]
                )
                {
                    float3[] extent = [(-0.1069, -0.0722, -0.083), (0.1069, 0.0722, 0.083)]
                    uniform token physics:approximation = "boundingCube"
                    uniform token purpose = "guide"
                    matrix4d xformOp:transform = ( (0.10689999908208847, 0, 0, 0), (0, 0.0722000002861023, 0, 0), (0, 0, 0.08299999684095383, 0), (0, -0.01209999993443489, -0.005499999970197678, 1) )
                    uniform token[] xformOpOrder = ["xformOp:transform"]
                }
            }

            def "visuals"
            {
                def Cube "Pelvis" (
                    apiSchemas = ["MaterialBindingAPI"]
                )
                {
                    float3[] extent = [(-0.1069, -0.0722, -0.083), (0.1069, 0.0722, 0.083)]
                    rel material:binding = </smpl_humanoid/bodies/Pelvis/visuals/Looks/material_rgba>
                    matrix4d xformOp:transform = ( (0.10689999908208847, 0, 0, 0), (0, 0.0722000002861023, 0, 0), (0, 0, 0.08299999684095383, 0), (0, -0.01209999993443489, -0.005499999970197678, 1) )
                    uniform token[] xformOpOrder = ["xformOp:transform"]
                }

                def Scope "Looks"
                {
                    def Material "material_rgba"
                    {
                        token outputs:mdl:displacement.connect = </smpl_humanoid/bodies/Pelvis/visuals/Looks/material_rgba/Shader.outputs:out>
                        token outputs:mdl:surface.connect = </smpl_humanoid/bodies/Pelvis/visuals/Looks/material_rgba/Shader.outputs:out>
                        token outputs:mdl:volume.connect = </smpl_humanoid/bodies/Pelvis/visuals/Looks/material_rgba/Shader.outputs:out>

                        def Shader "Shader"
                        {
                            uniform token info:id = "UsdPreviewSurface"
                            uniform token info:implementationSource = "sourceAsset"
                            uniform asset info:mdl:sourceAsset = @OmniPBR.mdl@
                            uniform token info:mdl:sourceAsset:subIdentifier = "OmniPBR"
                            color3f inputs:diffuse_color_constant = (0.8, 0.6, 0.4)
                            token outputs:out
                        }
                    }
                }
            }
        }

        def Xform "L_Hip" (
            apiSchemas = ["PhysicsRigidBodyAPI", "PhysxRigidBodyAPI", "PhysicsMassAPI", "PhysicsFilteredPairsAPI"]
        )
        {
            float physics:density = 0
            matrix4d xformOp:transform = ( (1, 0, 0, 0), (0, 1, 0, 0), (0, 0, 1, 0), (0.06769999861717224, -0.31470000743865967, 0.021400000900030136, 1) )
            uniform token[] xformOpOrder = ["xformOp:transform"]

            def "collisions"
            {
                def Capsule "L_Hip" (
                    apiSchemas = ["PhysicsCollisionAPI", "PhysicsMeshCollisionAPI"]
                )
                {
                    uniform token axis = "X"
                    float3[] extent = [(-0.17457362, -0.0615, -0.0615), (0.17457362, 0.0615, 0.0615)]
                    double height = 0.22614723443984985
                    uniform token physics:approximation = "convexHull"
                    uniform token purpose = "guide"
                    double radius = 0.061500001698732376
                    matrix4d xformOp:transform = ( (0.09064894881170449, -0.9958113622206781, -0.011939125074817314, 0), (0.9958113622206781, 0.09077964412060169, -0.010900955704307824, 0), (0.011939125074817314, -0.010900955704307824, 0.9998693046911028, 0), (0.017149999737739563, -0.18759998679161072, -0.0022499999031424522, 1) )
                    uniform token[] xformOpOrder = ["xformOp:transform"]
                }
            }

            def "visuals"
            {
                def Capsule "L_Hip" (
                    apiSchemas = ["MaterialBindingAPI"]
                )
                {
                    uniform token axis = "X"
                    float3[] extent = [(-0.17457362, -0.0615, -0.0615), (0.17457362, 0.0615, 0.0615)]
                    double height = 0.22614723443984985
                    rel material:binding = </smpl_humanoid/bodies/L_Hip/visuals/Looks/material_rgba>
                    double radius = 0.061500001698732376
                    matrix4d xformOp:transform = ( (0.09064894881170449, -0.9958113622206781, -0.011939125074817314, 0), (0.9958113622206781, 0.09077964412060169, -0.010900955704307824, 0), (0.011939125074817314, -0.010900955704307824, 0.9998693046911028, 0), (0.017149999737739563, -0.18759998679161072, -0.0022499999031424522, 1) )
                    uniform token[] xformOpOrder = ["xformOp:transform"]
                }

                def Scope "Looks"
                {
                    def Material "material_rgba"
                    {
                        token outputs:mdl:displacement.connect = </smpl_humanoid/bodies/L_Hip/visuals/Looks/material_rgba/Shader.outputs:out>
                        token outputs:mdl:surface.connect = </smpl_humanoid/bodies/L_Hip/visuals/Looks/material_rgba/Shader.outputs:out>
                        token outputs:mdl:volume.connect = </smpl_humanoid/bodies/L_Hip/visuals/Looks/material_rgba/Shader.outputs:out>

                        def Shader "Shader"
                        {
                            uniform token info:id = "UsdPreviewSurface"
                            uniform token info:implementationSource = "sourceAsset"
                            uniform asset info:mdl:sourceAsset = @OmniPBR.mdl@
                            uniform token info:mdl:sourceAsset:subIdentifier = "OmniPBR"
                            color3f inputs:diffuse_color_constant = (0.8, 0.6, 0.4)
                            token outputs:out
                        }
                    }
                }
            }
        }

        def Xform "L_Knee" (
            apiSchemas = ["PhysicsRigidBodyAPI", "PhysxRigidBodyAPI", "PhysicsMassAPI", "PhysicsFilteredPairsAPI"]
        )
        {
            float physics:density = 0
            prepend rel physics:filteredPairs = [
                </smpl_humanoid/bodies/L_Toe>,
                </smpl_humanoid/bodies/R_Ankle>,
                </smpl_humanoid/bodies/R_Toe>,
            ]
            matrix4d xformOp:transform = ( (1, 0, 0, 0), (0, 1, 0, 0), (0, 0, 1, 0), (0.10199999809265137, -0.6899000406265259, 0.01690000109374523, 1) )
            uniform token[] xformOpOrder = ["xformOp:transform"]

            def "collisions"
            {
                def Capsule "L_Knee" (
                    apiSchemas = ["PhysicsCollisionAPI", "PhysicsMeshCollisionAPI"]
                )
                {
                    uniform token axis = "X"
                    float3[] extent = [(-0.1742919, -0.0541, -0.0541), (0.1742919, 0.0541, 0.0541)]
                    double height = 0.2403837889432907
                    uniform token physics:approximation = "convexHull"
                    uniform token purpose = "guide"
                    double radius = 0.054099999368190765
                    matrix4d xformOp:transform = ( (-0.03411202459214424, -0.9934113608858794, -0.1094083742414238, 0), (0.9934113608858794, -0.021719083377384152, -0.11252601716178567, 0), (0.1094083742414238, -0.11252601716178567, 0.9876070587852399, 0), (-0.006800000090152025, -0.19900000095367432, -0.02185000106692314, 1) )
                    uniform token[] xformOpOrder = ["xformOp:transform"]
                }
            }

            def "visuals"
            {
                def Capsule "L_Knee" (
                    apiSchemas = ["MaterialBindingAPI"]
                )
                {
                    uniform token axis = "X"
                    float3[] extent = [(-0.1742919, -0.0541, -0.0541), (0.1742919, 0.0541, 0.0541)]
                    double height = 0.2403837889432907
                    rel material:binding = </smpl_humanoid/bodies/L_Knee/visuals/Looks/material_rgba>
                    double radius = 0.054099999368190765
                    matrix4d xformOp:transform = ( (-0.03411202459214424, -0.9934113608858794, -0.1094083742414238, 0), (0.9934113608858794, -0.021719083377384152, -0.11252601716178567, 0), (0.1094083742414238, -0.11252601716178567, 0.9876070587852399, 0), (-0.006800000090152025, -0.19900000095367432, -0.02185000106692314, 1) )
                    uniform token[] xformOpOrder = ["xformOp:transform"]
                }

                def Scope "Looks"
                {
                    def Material "material_rgba"
                    {
                        token outputs:mdl:displacement.connect = </smpl_humanoid/bodies/L_Knee/visuals/Looks/material_rgba/Shader.outputs:out>
                        token outputs:mdl:surface.connect = </smpl_humanoid/bodies/L_Knee/visuals/Looks/material_rgba/Shader.outputs:out>
                        token outputs:mdl:volume.connect = </smpl_humanoid/bodies/L_Knee/visuals/Looks/material_rgba/Shader.outputs:out>

                        def Shader "Shader"
                        {
                            uniform token info:id = "UsdPreviewSurface"
                            uniform token info:implementationSource = "sourceAsset"
                            uniform asset info:mdl:sourceAsset = @OmniPBR.mdl@
                            uniform token info:mdl:sourceAsset:subIdentifier = "OmniPBR"
                            color3f inputs:diffuse_color_constant = (0.8, 0.6, 0.4)
                            token outputs:out
                        }
                    }
                }
            }
        }

        def Xform "L_Ankle" (
            apiSchemas = ["PhysicsRigidBodyAPI", "PhysxRigidBodyAPI", "PhysicsMassAPI", "PhysicsFilteredPairsAPI"]
        )
        {
            float physics:density = 0
            prepend rel physics:filteredPairs = </smpl_humanoid/bodies/R_Knee>
            matrix4d xformOp:transform = ( (1, 0, 0, 0), (0, 1, 0, 0), (0, 0, 1, 0), (0.08839999884366989, -1.0879000425338745, -0.026799997314810753, 1) )
            uniform token[] xformOpOrder = ["xformOp:transform"]

            def "collisions"
            {
                def Cube "L_Ankle" (
                    apiSchemas = ["PhysicsCollisionAPI", "PhysicsMeshCollisionAPI"]
                )
                {
                    float3[] extent = [(-0.0483, -0.0464, -0.085), (0.0483, 0.0464, 0.085)]
                    uniform token physics:approximation = "boundingCube"
                    uniform token purpose = "guide"
                    matrix4d xformOp:transform = ( (0.04830000177025795, 0, 0, 0), (0, 0.04639999940991402, 0, 0), (0, 0, 0.08500000089406967, 0), (0.02329999953508377, -0.023900000378489494, 0.02419999986886978, 1) )
                    uniform token[] xformOpOrder = ["xformOp:transform"]
                }
            }

            def "visuals"
            {
                def Cube "L_Ankle" (
                    apiSchemas = ["MaterialBindingAPI"]
                )
                {
                    float3[] extent = [(-0.0483, -0.0464, -0.085), (0.0483, 0.0464, 0.085)]
                    rel material:binding = </smpl_humanoid/bodies/L_Ankle/visuals/Looks/material_rgba>
                    matrix4d xformOp:transform = ( (0.04830000177025795, 0, 0, 0), (0, 0.04639999940991402, 0, 0), (0, 0, 0.08500000089406967, 0), (0.02329999953508377, -0.023900000378489494, 0.02419999986886978, 1) )
                    uniform token[] xformOpOrder = ["xformOp:transform"]
                }

                def Scope "Looks"
                {
                    def Material "material_rgba"
                    {
                        token outputs:mdl:displacement.connect = </smpl_humanoid/bodies/L_Ankle/visuals/Looks/material_rgba/Shader.outputs:out>
                        token outputs:mdl:surface.connect = </smpl_humanoid/bodies/L_Ankle/visuals/Looks/material_rgba/Shader.outputs:out>
                        token outputs:mdl:volume.connect = </smpl_humanoid/bodies/L_Ankle/visuals/Looks/material_rgba/Shader.outputs:out>

                        def Shader "Shader"
                        {
                            uniform token info:id = "UsdPreviewSurface"
                            uniform token info:implementationSource = "sourceAsset"
                            uniform asset info:mdl:sourceAsset = @OmniPBR.mdl@
                            uniform token info:mdl:sourceAsset:subIdentifier = "OmniPBR"
                            color3f inputs:diffuse_color_constant = (0.8, 0.6, 0.4)
                            token outputs:out
                        }
                    }
                }
            }
        }

        def Xform "L_Toe" (
            apiSchemas = ["PhysicsRigidBodyAPI", "PhysxRigidBodyAPI", "PhysicsMassAPI", "PhysicsFilteredPairsAPI"]
        )
        {
            float physics:density = 0
            prepend rel physics:filteredPairs = [
                </smpl_humanoid/bodies/L_Knee>,
                </smpl_humanoid/bodies/R_Knee>,
            ]
            matrix4d xformOp:transform = ( (1, 0, 0, 0), (0, 1, 0, 0), (0, 0, 1, 0), (0.11479999870061874, -1.1437000036239624, 0.0925000011920929, 1) )
            uniform token[] xformOpOrder = ["xformOp:transform"]

            def "collisions"
            {
                def Cube "L_Toe" (
                    apiSchemas = ["PhysicsCollisionAPI", "PhysicsMeshCollisionAPI"]
                )
                {
                    float3[] extent = [(-0.0478, -0.02, -0.0496), (0.0478, 0.02, 0.0496)]
                    uniform token physics:approximation = "boundingCube"
                    uniform token purpose = "guide"
                    matrix4d xformOp:transform = ( (0.04780000075697899, 0, 0, 0), (0, 0.019999999552965164, 0, 0), (0, 0, 0.04960000142455101, 0), (-0.003000000026077032, 0.005499999970197678, 0.024800000712275505, 1) )
                    uniform token[] xformOpOrder = ["xformOp:transform"]
                }
            }

            def "visuals"
            {
                def Cube "L_Toe" (
                    apiSchemas = ["MaterialBindingAPI"]
                )
                {
                    float3[] extent = [(-0.0478, -0.02, -0.0496), (0.0478, 0.02, 0.0496)]
                    rel material:binding = </smpl_humanoid/bodies/L_Toe/visuals/Looks/material_rgba>
                    matrix4d xformOp:transform = ( (0.04780000075697899, 0, 0, 0), (0, 0.019999999552965164, 0, 0), (0, 0, 0.04960000142455101, 0), (-0.003000000026077032, 0.005499999970197678, 0.024800000712275505, 1) )
                    uniform token[] xformOpOrder = ["xformOp:transform"]
                }

                def Scope "Looks"
                {
                    def Material "material_rgba"
                    {
                        token outputs:mdl:displacement.connect = </smpl_humanoid/bodies/L_Toe/visuals/Looks/material_rgba/Shader.outputs:out>
                        token outputs:mdl:surface.connect = </smpl_humanoid/bodies/L_Toe/visuals/Looks/material_rgba/Shader.outputs:out>
                        token outputs:mdl:volume.connect = </smpl_humanoid/bodies/L_Toe/visuals/Looks/material_rgba/Shader.outputs:out>

                        def Shader "Shader"
                        {
                            uniform token info:id = "UsdPreviewSurface"
                            uniform token info:implementationSource = "sourceAsset"
                            uniform asset info:mdl:sourceAsset = @OmniPBR.mdl@
                            uniform token info:mdl:sourceAsset:subIdentifier = "OmniPBR"
                            color3f inputs:diffuse_color_constant = (0.8, 0.6, 0.4)
                            token outputs:out
                        }
                    }
                }
            }
        }

        def Xform "R_Hip" (
            apiSchemas = ["PhysicsRigidBodyAPI", "PhysxRigidBodyAPI", "PhysicsMassAPI", "PhysicsFilteredPairsAPI"]
        )
        {
            float physics:density = 0
            matrix4d xformOp:transform = ( (1, 0, 0, 0), (0, 1, 0, 0), (0, 0, 1, 0), (-0.06949999928474426, -0.31379997730255127, 0.023900000378489494, 1) )
            uniform token[] xformOpOrder = ["xformOp:transform"]

            def "collisions"
            {
                def Capsule "R_Hip" (
                    apiSchemas = ["PhysicsCollisionAPI", "PhysicsMeshCollisionAPI"]
                )
                {
                    uniform token axis = "X"
                    float3[] extent = [(-0.17600003, -0.0606, -0.0606), (0.17600003, 0.0606, 0.0606)]
                    double height = 0.23080004751682281
                    uniform token physics:approximation = "convexHull"
                    uniform token purpose = "guide"
                    double radius = 0.060600001364946365
                    matrix4d xformOp:transform = ( (-0.09922021661624236, -0.9948005663658108, -0.02296360217657112, 0), (0.9948005663658108, -0.09863480500144561, -0.025360472694092584, 0), (0.02296360217657112, -0.025360472694092584, 0.9994145883852033, 0), (-0.01915000006556511, -0.19130000472068787, -0.004449999891221523, 1) )
                    uniform token[] xformOpOrder = ["xformOp:transform"]
                }
            }

            def "visuals"
            {
                def Capsule "R_Hip" (
                    apiSchemas = ["MaterialBindingAPI"]
                )
                {
                    uniform token axis = "X"
                    float3[] extent = [(-0.17600003, -0.0606, -0.0606), (0.17600003, 0.0606, 0.0606)]
                    double height = 0.23080004751682281
                    rel material:binding = </smpl_humanoid/bodies/R_Hip/visuals/Looks/material_rgba>
                    double radius = 0.060600001364946365
                    matrix4d xformOp:transform = ( (-0.09922021661624236, -0.9948005663658108, -0.02296360217657112, 0), (0.9948005663658108, -0.09863480500144561, -0.025360472694092584, 0), (0.02296360217657112, -0.025360472694092584, 0.9994145883852033, 0), (-0.01915000006556511, -0.19130000472068787, -0.004449999891221523, 1) )
                    uniform token[] xformOpOrder = ["xformOp:transform"]
                }

                def Scope "Looks"
                {
                    def Material "material_rgba"
                    {
                        token outputs:mdl:displacement.connect = </smpl_humanoid/bodies/R_Hip/visuals/Looks/material_rgba/Shader.outputs:out>
                        token outputs:mdl:surface.connect = </smpl_humanoid/bodies/R_Hip/visuals/Looks/material_rgba/Shader.outputs:out>
                        token outputs:mdl:volume.connect = </smpl_humanoid/bodies/R_Hip/visuals/Looks/material_rgba/Shader.outputs:out>

                        def Shader "Shader"
                        {
                            uniform token info:id = "UsdPreviewSurface"
                            uniform token info:implementationSource = "sourceAsset"
                            uniform asset info:mdl:sourceAsset = @OmniPBR.mdl@
                            uniform token info:mdl:sourceAsset:subIdentifier = "OmniPBR"
                            color3f inputs:diffuse_color_constant = (0.8, 0.6, 0.4)
                            token outputs:out
                        }
                    }
                }
            }
        }

        def Xform "R_Knee" (
            apiSchemas = ["PhysicsRigidBodyAPI", "PhysxRigidBodyAPI", "PhysicsMassAPI", "PhysicsFilteredPairsAPI"]
        )
        {
            float physics:density = 0
            prepend rel physics:filteredPairs = [
                </smpl_humanoid/bodies/L_Ankle>,
                </smpl_humanoid/bodies/L_Toe>,
                </smpl_humanoid/bodies/R_Toe>,
            ]
            matrix4d xformOp:transform = ( (1, 0, 0, 0), (0, 1, 0, 0), (0, 0, 1, 0), (-0.10779999941587448, -0.696399986743927, 0.015000000596046448, 1) )
            uniform token[] xformOpOrder = ["xformOp:transform"]

            def "collisions"
            {
                def Capsule "R_Knee" (
                    apiSchemas = ["PhysicsCollisionAPI", "PhysicsMeshCollisionAPI"]
                )
                {
                    uniform token axis = "X"
                    float3[] extent = [(-0.17435956, -0.0541, -0.0541), (0.17435956, 0.0541, 0.0541)]
                    double height = 0.24051912128925323
                    uniform token physics:approximation = "convexHull"
                    uniform token purpose = "guide"
                    double radius = 0.054099999368190765
                    matrix4d xformOp:transform = ( (0.03908210357395303, -0.993684017843826, -0.10518914432003079, 0), (0.993684017843826, 0.04973068947548853, -0.10059336152407461, 0), (0.10518914432003079, -0.10059336152407461, 0.9893514140984645, 0), (0.007899999618530273, -0.19919998943805695, -0.021150000393390656, 1) )
                    uniform token[] xformOpOrder = ["xformOp:transform"]
                }
            }

            def "visuals"
            {
                def Capsule "R_Knee" (
                    apiSchemas = ["MaterialBindingAPI"]
                )
                {
                    uniform token axis = "X"
                    float3[] extent = [(-0.17435956, -0.0541, -0.0541), (0.17435956, 0.0541, 0.0541)]
                    double height = 0.24051912128925323
                    rel material:binding = </smpl_humanoid/bodies/R_Knee/visuals/Looks/material_rgba>
                    double radius = 0.054099999368190765
                    matrix4d xformOp:transform = ( (0.03908210357395303, -0.993684017843826, -0.10518914432003079, 0), (0.993684017843826, 0.04973068947548853, -0.10059336152407461, 0), (0.10518914432003079, -0.10059336152407461, 0.9893514140984645, 0), (0.007899999618530273, -0.19919998943805695, -0.021150000393390656, 1) )
                    uniform token[] xformOpOrder = ["xformOp:transform"]
                }

                def Scope "Looks"
                {
                    def Material "material_rgba"
                    {
                        token outputs:mdl:displacement.connect = </smpl_humanoid/bodies/R_Knee/visuals/Looks/material_rgba/Shader.outputs:out>
                        token outputs:mdl:surface.connect = </smpl_humanoid/bodies/R_Knee/visuals/Looks/material_rgba/Shader.outputs:out>
                        token outputs:mdl:volume.connect = </smpl_humanoid/bodies/R_Knee/visuals/Looks/material_rgba/Shader.outputs:out>

                        def Shader "Shader"
                        {
                            uniform token info:id = "UsdPreviewSurface"
                            uniform token info:implementationSource = "sourceAsset"
                            uniform asset info:mdl:sourceAsset = @OmniPBR.mdl@
                            uniform token info:mdl:sourceAsset:subIdentifier = "OmniPBR"
                            color3f inputs:diffuse_color_constant = (0.8, 0.6, 0.4)
                            token outputs:out
                        }
                    }
                }
            }
        }

        def Xform "R_Ankle" (
            apiSchemas = ["PhysicsRigidBodyAPI", "PhysxRigidBodyAPI", "PhysicsMassAPI", "PhysicsFilteredPairsAPI"]
        )
        {
            float physics:density = 0
            prepend rel physics:filteredPairs = </smpl_humanoid/bodies/L_Knee>
            matrix4d xformOp:transform = ( (1, 0, 0, 0), (0, 1, 0, 0), (0, 0, 1, 0), (-0.09200000017881393, -1.0947999954223633, -0.027300000190734863, 1) )
            uniform token[] xformOpOrder = ["xformOp:transform"]

            def "collisions"
            {
                def Cube "R_Ankle" (
                    apiSchemas = ["PhysicsCollisionAPI", "PhysicsMeshCollisionAPI"]
                )
                {
                    float3[] extent = [(-0.0483, -0.0478, -0.0865), (0.0483, 0.0478, 0.0865)]
                    uniform token physics:approximation = "boundingCube"
                    uniform token purpose = "guide"
                    matrix4d xformOp:transform = ( (0.04830000177025795, 0, 0, 0), (0, 0.04780000075697899, 0, 0), (0, 0, 0.08649999648332596, 0), (-0.021199999377131462, -0.017400000244379044, 0.025599999353289604, 1) )
                    uniform token[] xformOpOrder = ["xformOp:transform"]
                }
            }

            def "visuals"
            {
                def Cube "R_Ankle" (
                    apiSchemas = ["MaterialBindingAPI"]
                )
                {
                    float3[] extent = [(-0.0483, -0.0478, -0.0865), (0.0483, 0.0478, 0.0865)]
                    rel material:binding = </smpl_humanoid/bodies/R_Ankle/visuals/Looks/material_rgba>
                    matrix4d xformOp:transform = ( (0.04830000177025795, 0, 0, 0), (0, 0.04780000075697899, 0, 0), (0, 0, 0.08649999648332596, 0), (-0.021199999377131462, -0.017400000244379044, 0.025599999353289604, 1) )
                    uniform token[] xformOpOrder = ["xformOp:transform"]
                }

                def Scope "Looks"
                {
                    def Material "material_rgba"
                    {
                        token outputs:mdl:displacement.connect = </smpl_humanoid/bodies/R_Ankle/visuals/Looks/material_rgba/Shader.outputs:out>
                        token outputs:mdl:surface.connect = </smpl_humanoid/bodies/R_Ankle/visuals/Looks/material_rgba/Shader.outputs:out>
                        token outputs:mdl:volume.connect = </smpl_humanoid/bodies/R_Ankle/visuals/Looks/material_rgba/Shader.outputs:out>

                        def Shader "Shader"
                        {
                            uniform token info:id = "UsdPreviewSurface"
                            uniform token info:implementationSource = "sourceAsset"
                            uniform asset info:mdl:sourceAsset = @OmniPBR.mdl@
                            uniform token info:mdl:sourceAsset:subIdentifier = "OmniPBR"
                            color3f inputs:diffuse_color_constant = (0.8, 0.6, 0.4)
                            token outputs:out
                        }
                    }
                }
            }
        }

        def Xform "R_Toe" (
            apiSchemas = ["PhysicsRigidBodyAPI", "PhysxRigidBodyAPI", "PhysicsMassAPI", "PhysicsFilteredPairsAPI"]
        )
        {
            float physics:density = 0
            prepend rel physics:filteredPairs = [
                </smpl_humanoid/bodies/L_Knee>,
                </smpl_humanoid/bodies/R_Knee>,
            ]
            matrix4d xformOp:transform = ( (1, 0, 0, 0), (0, 1, 0, 0), (0, 0, 1, 0), (-0.11739999800920486, -1.142899990081787, 0.09600000083446503, 1) )
            uniform token[] xformOpOrder = ["xformOp:transform"]

            def "collisions"
            {
                def Cube "R_Toe" (
                    apiSchemas = ["PhysicsCollisionAPI", "PhysicsMeshCollisionAPI"]
                )
                {
                    float3[] extent = [(-0.0479, -0.0216, -0.0493), (0.0479, 0.0216, 0.0493)]
                    uniform token physics:approximation = "boundingCube"
                    uniform token purpose = "guide"
                    matrix4d xformOp:transform = ( (0.0478999987244606, 0, 0, 0), (0, 0.02160000056028366, 0, 0), (0, 0, 0.049300000071525574, 0), (0.00419999985024333, 0.0044999998062849045, 0.022700000554323196, 1) )
                    uniform token[] xformOpOrder = ["xformOp:transform"]
                }
            }

            def "visuals"
            {
                def Cube "R_Toe" (
                    apiSchemas = ["MaterialBindingAPI"]
                )
                {
                    float3[] extent = [(-0.0479, -0.0216, -0.0493), (0.0479, 0.0216, 0.0493)]
                    rel material:binding = </smpl_humanoid/bodies/R_Toe/visuals/Looks/material_rgba>
                    matrix4d xformOp:transform = ( (0.0478999987244606, 0, 0, 0), (0, 0.02160000056028366, 0, 0), (0, 0, 0.049300000071525574, 0), (0.00419999985024333, 0.0044999998062849045, 0.022700000554323196, 1) )
                    uniform token[] xformOpOrder = ["xformOp:transform"]
                }

                def Scope "Looks"
                {
                    def Material "material_rgba"
                    {
                        token outputs:mdl:displacement.connect = </smpl_humanoid/bodies/R_Toe/visuals/Looks/material_rgba/Shader.outputs:out>
                        token outputs:mdl:surface.connect = </smpl_humanoid/bodies/R_Toe/visuals/Looks/material_rgba/Shader.outputs:out>
                        token outputs:mdl:volume.connect = </smpl_humanoid/bodies/R_Toe/visuals/Looks/material_rgba/Shader.outputs:out>

                        def Shader "Shader"
                        {
                            uniform token info:id = "UsdPreviewSurface"
                            uniform token info:implementationSource = "sourceAsset"
                            uniform asset info:mdl:sourceAsset = @OmniPBR.mdl@
                            uniform token info:mdl:sourceAsset:subIdentifier = "OmniPBR"
                            color3f inputs:diffuse_color_constant = (0.8, 0.6, 0.4)
                            token outputs:out
                        }
                    }
                }
            }
        }

        def Xform "Torso" (
            apiSchemas = ["PhysicsRigidBodyAPI", "PhysxRigidBodyAPI", "PhysicsMassAPI", "PhysicsFilteredPairsAPI"]
        )
        {
            float physics:density = 0
            prepend rel physics:filteredPairs = </smpl_humanoid/bodies/Chest>
            matrix4d xformOp:transform = ( (1, 0, 0, 0), (0, 1, 0, 0), (0, 0, 1, 0), (-0.00430000014603138, -0.11429999768733978, 0.0015000011771917343, 1) )
            uniform token[] xformOpOrder = ["xformOp:transform"]

            def "collisions"
            {
                def Capsule "Torso" (
                    apiSchemas = ["PhysicsCollisionAPI", "PhysicsMeshCollisionAPI"]
                )
                {
                    uniform token axis = "X"
                    float3[] extent = [(-0.083654806, -0.0769, -0.0769), (0.083654806, 0.0769, 0.0769)]
                    double height = 0.01350962370634079
                    uniform token physics:approximation = "convexHull"
                    uniform token purpose = "guide"
                    double radius = 0.07689999788999557
                    matrix4d xformOp:transform = ( (0.037010511348544495, 0.9992874799901728, 0.007402130907097848, 0), (-0.9992874799901728, 0.03706334739921857, -0.007132865467166349, 0), (-0.007402130907097848, -0.007132865467166349, 0.9999471639493259, 0), (0.002749999985098839, 0.06755000352859497, 0.0005499999970197678, 1) )
                    uniform token[] xformOpOrder = ["xformOp:transform"]
                }
            }

            def "visuals"
            {
                def Capsule "Torso" (
                    apiSchemas = ["MaterialBindingAPI"]
                )
                {
                    uniform token axis = "X"
                    float3[] extent = [(-0.083654806, -0.0769, -0.0769), (0.083654806, 0.0769, 0.0769)]
                    double height = 0.01350962370634079
                    rel material:binding = </smpl_humanoid/bodies/Torso/visuals/Looks/material_rgba>
                    double radius = 0.07689999788999557
                    matrix4d xformOp:transform = ( (0.037010511348544495, 0.9992874799901728, 0.007402130907097848, 0), (-0.9992874799901728, 0.03706334739921857, -0.007132865467166349, 0), (-0.007402130907097848, -0.007132865467166349, 0.9999471639493259, 0), (0.002749999985098839, 0.06755000352859497, 0.0005499999970197678, 1) )
                    uniform token[] xformOpOrder = ["xformOp:transform"]
                }

                def Scope "Looks"
                {
                    def Material "material_rgba"
                    {
                        token outputs:mdl:displacement.connect = </smpl_humanoid/bodies/Torso/visuals/Looks/material_rgba/Shader.outputs:out>
                        token outputs:mdl:surface.connect = </smpl_humanoid/bodies/Torso/visuals/Looks/material_rgba/Shader.outputs:out>
                        token outputs:mdl:volume.connect = </smpl_humanoid/bodies/Torso/visuals/Looks/material_rgba/Shader.outputs:out>

                        def Shader "Shader"
                        {
                            uniform token info:id = "UsdPreviewSurface"
                            uniform token info:implementationSource = "sourceAsset"
                            uniform asset info:mdl:sourceAsset = @OmniPBR.mdl@
                            uniform token info:mdl:sourceAsset:subIdentifier = "OmniPBR"
                            color3f inputs:diffuse_color_constant = (0.8, 0.6, 0.4)
                            token outputs:out
                        }
                    }
                }
            }
        }

        def Xform "Spine" (
            apiSchemas = ["PhysicsRigidBodyAPI", "PhysxRigidBodyAPI", "PhysicsMassAPI", "PhysicsFilteredPairsAPI"]
        )
        {
            float physics:density = 0
            matrix4d xformOp:transform = ( (1, 0, 0, 0), (0, 1, 0, 0), (0, 0, 1, 0), (0.001199999824166298, 0.020899996161460876, 0.00260000117123127, 1) )
            uniform token[] xformOpOrder = ["xformOp:transform"]

            def "collisions"
            {
                def Capsule "Spine" (
                    apiSchemas = ["PhysicsCollisionAPI", "PhysicsMeshCollisionAPI"]
                )
                {
                    uniform token axis = "X"
                    float3[] extent = [(-0.07845212, -0.0755, -0.0755), (0.07845212, 0.0755, 0.0755)]
                    double height = 0.00590423634275794
                    uniform token physics:approximation = "convexHull"
                    uniform token purpose = "guide"
                    double radius = 0.0754999965429306
                    matrix4d xformOp:transform = ( (0.01693683607177121, 0.8976607337196185, 0.4403618741834663, 0), (-0.8976607337196185, 0.20762570566168392, -0.3887119222245161, 0), (-0.4403618741834663, -0.3887119222245161, 0.8093111304100873, 0), (0.000750000006519258, 0.02645000070333481, 0.012700000777840614, 1) )
                    uniform token[] xformOpOrder = ["xformOp:transform"]
                }
            }

            def "visuals"
            {
                def Capsule "Spine" (
                    apiSchemas = ["MaterialBindingAPI"]
                )
                {
                    uniform token axis = "X"
                    float3[] extent = [(-0.07845212, -0.0755, -0.0755), (0.07845212, 0.0755, 0.0755)]
                    double height = 0.00590423634275794
                    rel material:binding = </smpl_humanoid/bodies/Spine/visuals/Looks/material_rgba>
                    double radius = 0.0754999965429306
                    matrix4d xformOp:transform = ( (0.01693683607177121, 0.8976607337196185, 0.4403618741834663, 0), (-0.8976607337196185, 0.20762570566168392, -0.3887119222245161, 0), (-0.4403618741834663, -0.3887119222245161, 0.8093111304100873, 0), (0.000750000006519258, 0.02645000070333481, 0.012700000777840614, 1) )
                    uniform token[] xformOpOrder = ["xformOp:transform"]
                }

                def Scope "Looks"
                {
                    def Material "material_rgba"
                    {
                        token outputs:mdl:displacement.connect = </smpl_humanoid/bodies/Spine/visuals/Looks/material_rgba/Shader.outputs:out>
                        token outputs:mdl:surface.connect = </smpl_humanoid/bodies/Spine/visuals/Looks/material_rgba/Shader.outputs:out>
                        token outputs:mdl:volume.connect = </smpl_humanoid/bodies/Spine/visuals/Looks/material_rgba/Shader.outputs:out>

                        def Shader "Shader"
                        {
                            uniform token info:id = "UsdPreviewSurface"
                            uniform token info:implementationSource = "sourceAsset"
                            uniform asset info:mdl:sourceAsset = @OmniPBR.mdl@
                            uniform token info:mdl:sourceAsset:subIdentifier = "OmniPBR"
                            color3f inputs:diffuse_color_constant = (0.8, 0.6, 0.4)
                            token outputs:out
                        }
                    }
                }
            }
        }

        def Xform "Chest" (
            apiSchemas = ["PhysicsRigidBodyAPI", "PhysxRigidBodyAPI", "PhysicsMassAPI", "PhysicsFilteredPairsAPI"]
        )
        {
            float physics:density = 0
            prepend rel physics:filteredPairs = [
                </smpl_humanoid/bodies/Torso>,
                </smpl_humanoid/bodies/Head>,
                </smpl_humanoid/bodies/L_Shoulder>,
                </smpl_humanoid/bodies/R_Shoulder>,
            ]
            matrix4d xformOp:transform = ( (1, 0, 0, 0), (0, 1, 0, 0), (0, 0, 1, 0), (0.002699999837204814, 0.0737999975681305, 0.02800000086426735, 1) )
            uniform token[] xformOpOrder = ["xformOp:transform"]

            def "collisions"
            {
                def Capsule "Chest" (
                    apiSchemas = ["PhysicsCollisionAPI", "PhysicsMeshCollisionAPI"]
                )
                {
                    uniform token axis = "X"
                    float3[] extent = [(-0.10799792, -0.1002, -0.1002), (0.10799792, 0.1002, 0.1002)]
                    double height = 0.015595834702253342
                    uniform token physics:approximation = "convexHull"
                    uniform token purpose = "guide"
                    double radius = 0.10019999742507935
                    matrix4d xformOp:transform = ( (-0.006412027388752239, 0.968207360839898, -0.25006671152332416, 0), (-0.968207360839898, 0.056524888056848965, 0.24367891444561884, 0), (0.25006671152332416, 0.24367891444561884, 0.9370630845543988, 0), (-0.0009500000160187483, 0.07575000077486038, -0.01924999989569187, 1) )
                    uniform token[] xformOpOrder = ["xformOp:transform"]
                }
            }

            def "visuals"
            {
                def Capsule "Chest" (
                    apiSchemas = ["MaterialBindingAPI"]
                )
                {
                    uniform token axis = "X"
                    float3[] extent = [(-0.10799792, -0.1002, -0.1002), (0.10799792, 0.1002, 0.1002)]
                    double height = 0.015595834702253342
                    rel material:binding = </smpl_humanoid/bodies/Chest/visuals/Looks/material_rgba>
                    double radius = 0.10019999742507935
