#usda 1.0
(
    defaultPrim = "smpl_humanoid"
    upAxis = "Z"
)

def Xform "smpl_humanoid" (
    delete apiSchemas = ["PhysicsArticulationRootAPI", "PhysxArticulationAPI"]
)
{
    def Xform "bodies"
    {
        quatd xformOp:orient = (1, 0, 0, 0)
        double3 xformOp:scale = (1, 1, 1)
        double3 xformOp:translate = (0, 0, 0)
        uniform token[] xformOpOrder = ["xformOp:translate", "xformOp:orient", "xformOp:scale"]

        def Xform "Pelvis" (
            prepend apiSchemas = ["PhysicsRigidBodyAPI", "PhysxRigidBodyAPI", "PhysicsMassAPI", "PhysicsFilteredPairsAPI", "PhysicsArticulationRootAPI", "PhysxArticulationAPI", "AnimationDataAPI"]
        )
        {
            float physics:density = 0
            matrix4d xformOp:transform = ( (1, 0, 0, 0), (0, 1, 0, 0), (0, 0, 1, 0), (-0.0017999999690800905, -0.2232999950647354, 0.028200000524520874, 1) )
            uniform token[] xformOpOrder = ["xformOp:transform"]

            def "collisions"
            {
                def Cube "_geom_0" (
                    apiSchemas = ["PhysicsCollisionAPI", "PhysicsMeshCollisionAPI"]
                )
                {
                    float3[] extent = [(-0.083, -0.1069, -0.0722), (0.083, 0.1069, 0.0722)]
                    uniform token physics:approximation = "boundingCube"
                    uniform token purpose = "guide"
                    matrix4d xformOp:transform = ( (0.08299999684095383, 0, 0, 0), (0, 0.10689999908208847, 0, 0), (0, 0, 0.0722000002861023, 0), (-0.005499999970197678, 0, -0.01209999993443489, 1) )
                    uniform token[] xformOpOrder = ["xformOp:transform"]
                }
            }

            def "visuals"
            {
                def Cube "_geom_0" (
                    apiSchemas = ["MaterialBindingAPI"]
                )
                {
                    float3[] extent = [(-0.083, -0.1069, -0.0722), (0.083, 0.1069, 0.0722)]
                    matrix4d xformOp:transform = ( (0.08299999684095383, 0, 0, 0), (0, 0.10689999908208847, 0, 0), (0, 0, 0.0722000002861023, 0), (-0.005499999970197678, 0, -0.01209999993443489, 1) )
                    uniform token[] xformOpOrder = ["xformOp:transform"]
                }
            }
        }

        def Xform "L_Hip" (
            apiSchemas = ["PhysicsRigidBodyAPI", "PhysxRigidBodyAPI", "PhysicsMassAPI", "PhysicsFilteredPairsAPI"]
        )
        {
            float physics:density = 0
            matrix4d xformOp:transform = ( (1, 0, 0, 0), (0, 1, 0, 0), (0, 0, 1, 0), (-0.00860000029206276, -0.15379999577999115, -0.06319999694824219, 1) )
            uniform token[] xformOpOrder = ["xformOp:transform"]

            def "collisions"
            {
                def Capsule "_geom_1" (
                    apiSchemas = ["PhysicsCollisionAPI", "PhysicsMeshCollisionAPI"]
                )
                {
                    uniform token axis = "X"
                    float3[] extent = [(-0.17457362, -0.0615, -0.0615), (0.17457362, 0.0615, 0.0615)]
                    double height = 0.22614723443984985
                    uniform token physics:approximation = "convexHull"
                    uniform token purpose = "guide"
                    double radius = 0.061500001698732376
                    matrix4d xformOp:transform = ( (-0.011939160190055809, 0.09064890978710949, -0.995811366106409, 0), (-0.09064890978710949, 0.9916834833012701, 0.09135997194515255, 0), (0.995811366106409, 0.09135997194515255, -0.0036226434913260164, 0), (-0.0022499999031424522, 0.017149999737739563, -0.18759998679161072, 1) )
                    uniform token[] xformOpOrder = ["xformOp:transform"]
                }
            }

            def "visuals"
            {
                def Capsule "_geom_1" (
                    apiSchemas = ["MaterialBindingAPI"]
                )
                {
                    uniform token axis = "X"
                    float3[] extent = [(-0.17457362, -0.0615, -0.0615), (0.17457362, 0.0615, 0.0615)]
                    double height = 0.22614723443984985
                    
                    double radius = 0.061500001698732376
                    matrix4d xformOp:transform = ( (-0.011939160190055809, 0.09064890978710949, -0.995811366106409, 0), (-0.09064890978710949, 0.9916834833012701, 0.09135997194515255, 0), (0.995811366106409, 0.09135997194515255, -0.0036226434913260164, 0), (-0.0022499999031424522, 0.017149999737739563, -0.18759998679161072, 1) )
                    uniform token[] xformOpOrder = ["xformOp:transform"]
                }
            }
        }

        def Xform "L_Knee" (
            apiSchemas = ["PhysicsRigidBodyAPI", "PhysxRigidBodyAPI", "PhysicsMassAPI", "PhysicsFilteredPairsAPI"]
        )
        {
            float physics:density = 0
            rel physics:filteredPairs = [
                </smpl_humanoid/bodies/L_Toe>,
                </smpl_humanoid/bodies/R_Ankle>,
                </smpl_humanoid/bodies/R_Toe>,
            ]
            matrix4d xformOp:transform = ( (1, 0, 0, 0), (0, 1, 0, 0), (0, 0, 1, 0), (-0.013100000098347664, -0.11949999630451202, -0.438400000333786, 1) )
            uniform token[] xformOpOrder = ["xformOp:transform"]

            def "collisions"
            {
                def Capsule "_geom_2" (
                    apiSchemas = ["PhysicsCollisionAPI", "PhysicsMeshCollisionAPI"]
                )
                {
                    uniform token axis = "X"
                    float3[] extent = [(-0.1742919, -0.0541, -0.0541), (0.1742919, 0.0541, 0.0541)]
                    double height = 0.2403837889432907
                    uniform token physics:approximation = "convexHull"
                    uniform token purpose = "guide"
                    double radius = 0.054099999368190765
                    matrix4d xformOp:transform = ( (-0.10940859099234901, -0.03411211673751424, -0.9934114568606276, 0), (0.03411211673751424, 0.9986934117460851, -0.038050401586811944, 0), (0.9934114568606276, -0.038050401586811944, -0.10810200273843407, 0), (-0.02185000106692314, -0.006800000090152025, -0.19900000095367432, 1) )
                    uniform token[] xformOpOrder = ["xformOp:transform"]
                }
            }

            def "visuals"
            {
                def Capsule "_geom_2" (
                    apiSchemas = ["MaterialBindingAPI"]
                )
                {
                    uniform token axis = "X"
                    float3[] extent = [(-0.1742919, -0.0541, -0.0541), (0.1742919, 0.0541, 0.0541)]
                    double height = 0.2403837889432907
                    
                    double radius = 0.054099999368190765
                    matrix4d xformOp:transform = ( (-0.10940859099234901, -0.03411211673751424, -0.9934114568606276, 0), (0.03411211673751424, 0.9986934117460851, -0.038050401586811944, 0), (0.9934114568606276, -0.038050401586811944, -0.10810200273843407, 0), (-0.02185000106692314, -0.006800000090152025, -0.19900000095367432, 1) )
                    uniform token[] xformOpOrder = ["xformOp:transform"]
                }
            }
        }

        def Xform "L_Ankle" (
            apiSchemas = ["PhysicsRigidBodyAPI", "PhysxRigidBodyAPI", "PhysicsMassAPI", "PhysicsFilteredPairsAPI"]
        )
        {
            float physics:density = 0
            rel physics:filteredPairs = </smpl_humanoid/bodies/R_Knee>
            matrix4d xformOp:transform = ( (1, 0, 0, 0), (0, 1, 0, 0), (0, 0, 1, 0), (-0.0568000003695488, -0.1331000030040741, -0.836400032043457, 1) )
            uniform token[] xformOpOrder = ["xformOp:transform"]

            def "collisions"
            {
                def Cube "_geom_3" (
                    apiSchemas = ["PhysicsCollisionAPI", "PhysicsMeshCollisionAPI"]
                )
                {
                    float3[] extent = [(-0.085, -0.0483, -0.0464), (0.085, 0.0483, 0.0464)]
                    uniform token physics:approximation = "boundingCube"
                    uniform token purpose = "guide"
                    matrix4d xformOp:transform = ( (0.08500000089406967, 0, 0, 0), (0, 0.04830000177025795, 0, 0), (0, 0, 0.04639999940991402, 0), (0.02419999986886978, 0.02329999953508377, -0.023900000378489494, 1) )
                    uniform token[] xformOpOrder = ["xformOp:transform"]
                }
            }

            def "visuals"
            {
                def Cube "_geom_3" (
                    apiSchemas = ["MaterialBindingAPI"]
                )
                {
                    float3[] extent = [(-0.085, -0.0483, -0.0464), (0.085, 0.0483, 0.0464)]
                    
                    matrix4d xformOp:transform = ( (0.08500000089406967, 0, 0, 0), (0, 0.04830000177025795, 0, 0), (0, 0, 0.04639999940991402, 0), (0.02419999986886978, 0.02329999953508377, -0.023900000378489494, 1) )
                    uniform token[] xformOpOrder = ["xformOp:transform"]
                }
            }
        }

        def Xform "L_Toe" (
            apiSchemas = ["PhysicsRigidBodyAPI", "PhysxRigidBodyAPI", "PhysicsMassAPI", "PhysicsFilteredPairsAPI"]
        )
        {
            float physics:density = 0
            rel physics:filteredPairs = [
                </smpl_humanoid/bodies/L_Knee>,
                </smpl_humanoid/bodies/R_Knee>,
            ]
            matrix4d xformOp:transform = ( (1, 0, 0, 0), (0, 1, 0, 0), (0, 0, 1, 0), (0.0625, -0.10670000314712524, -0.8922000527381897, 1) )
            uniform token[] xformOpOrder = ["xformOp:transform"]

            def "collisions"
            {
                def Cube "_geom_4" (
                    apiSchemas = ["PhysicsCollisionAPI", "PhysicsMeshCollisionAPI"]
                )
                {
                    float3[] extent = [(-0.0496, -0.0478, -0.02), (0.0496, 0.0478, 0.02)]
                    uniform token physics:approximation = "boundingCube"
                    uniform token purpose = "guide"
                    matrix4d xformOp:transform = ( (0.04960000142455101, 0, 0, 0), (0, 0.04780000075697899, 0, 0), (0, 0, 0.019999999552965164, 0), (0.024800000712275505, -0.003000000026077032, 0.005499999970197678, 1) )
                    uniform token[] xformOpOrder = ["xformOp:transform"]
                }
            }

            def "visuals"
            {
                def Cube "_geom_4" (
                    apiSchemas = ["MaterialBindingAPI"]
                )
                {
                    float3[] extent = [(-0.0496, -0.0478, -0.02), (0.0496, 0.0478, 0.02)]
                    
                    matrix4d xformOp:transform = ( (0.04960000142455101, 0, 0, 0), (0, 0.04780000075697899, 0, 0), (0, 0, 0.019999999552965164, 0), (0.024800000712275505, -0.003000000026077032, 0.005499999970197678, 1) )
                    uniform token[] xformOpOrder = ["xformOp:transform"]
                }
            }
        }

        def Xform "R_Hip" (
            apiSchemas = ["PhysicsRigidBodyAPI", "PhysxRigidBodyAPI", "PhysicsMassAPI", "PhysicsFilteredPairsAPI"]
        )
        {
            float physics:density = 0
            matrix4d xformOp:transform = ( (1, 0, 0, 0), (0, 1, 0, 0), (0, 0, 1, 0), (-0.006099999882280827, -0.29100000858306885, -0.06229999661445618, 1) )
            uniform token[] xformOpOrder = ["xformOp:transform"]

            def "collisions"
            {
                def Capsule "_geom_5" (
                    apiSchemas = ["PhysicsCollisionAPI", "PhysicsMeshCollisionAPI"]
                )
                {
                    uniform token axis = "X"
                    float3[] extent = [(-0.17600003, -0.0606, -0.0606), (0.17600003, 0.0606, 0.0606)]
                    double height = 0.230800062417984
                    uniform token physics:approximation = "convexHull"
                    uniform token purpose = "guide"
                    double radius = 0.060600001364946365
                    matrix4d xformOp:transform = ( (-0.022963758908119747, -0.09922008453180808, -0.9948005614967315, 0), (0.09922008453180808, 0.9899239929774946, -0.10102407683819337, 0), (0.9948005614967315, -0.10102407683819337, -0.012887751885614307, 0), (-0.004449999891221523, -0.01915000006556511, -0.19130000472068787, 1) )
                    uniform token[] xformOpOrder = ["xformOp:transform"]
                }
            }

            def "visuals"
            {
                def Capsule "_geom_5" (
                    apiSchemas = ["MaterialBindingAPI"]
                )
                {
                    uniform token axis = "X"
                    float3[] extent = [(-0.17600003, -0.0606, -0.0606), (0.17600003, 0.0606, 0.0606)]
                    double height = 0.230800062417984
                    
                    double radius = 0.060600001364946365
                    matrix4d xformOp:transform = ( (-0.022963758908119747, -0.09922008453180808, -0.9948005614967315, 0), (0.09922008453180808, 0.9899239929774946, -0.10102407683819337, 0), (0.9948005614967315, -0.10102407683819337, -0.012887751885614307, 0), (-0.004449999891221523, -0.01915000006556511, -0.19130000472068787, 1) )
                    uniform token[] xformOpOrder = ["xformOp:transform"]
                }
            }
        }

        def Xform "R_Knee" (
            apiSchemas = ["PhysicsRigidBodyAPI", "PhysxRigidBodyAPI", "PhysicsMassAPI", "PhysicsFilteredPairsAPI"]
        )
        {
            float physics:density = 0
            rel physics:filteredPairs = [
                </smpl_humanoid/bodies/L_Ankle>,
                </smpl_humanoid/bodies/L_Toe>,
                </smpl_humanoid/bodies/R_Toe>,
            ]
            matrix4d xformOp:transform = ( (1, 0, 0, 0), (0, 1, 0, 0), (0, 0, 1, 0), (-0.014999999664723873, -0.32930001616477966, -0.4449000060558319, 1) )
            uniform token[] xformOpOrder = ["xformOp:transform"]

            def "collisions"
            {
                def Capsule "_geom_6" (
                    apiSchemas = ["PhysicsCollisionAPI", "PhysicsMeshCollisionAPI"]
                )
                {
                    uniform token axis = "X"
                    float3[] extent = [(-0.17435956, -0.0541, -0.0541), (0.17435956, 0.0541, 0.0541)]
                    double height = 0.24051912128925323
                    uniform token physics:approximation = "convexHull"
                    uniform token purpose = "guide"
                    double radius = 0.054099999368190765
                    matrix4d xformOp:transform = ( (-0.10518921082862365, 0.03908213269914085, -0.993684033715887, 0), (-0.03908213269914085, 0.9982930325657366, 0.043400555915357186, 0), (0.993684033715887, 0.043400555915357186, -0.1034822433943603, 0), (-0.021150000393390656, 0.007899999618530273, -0.19919998943805695, 1) )
                    uniform token[] xformOpOrder = ["xformOp:transform"]
                }
            }

            def "visuals"
            {
                def Capsule "_geom_6" (
                    apiSchemas = ["MaterialBindingAPI"]
                )
                {
                    uniform token axis = "X"
                    float3[] extent = [(-0.17435956, -0.0541, -0.0541), (0.17435956, 0.0541, 0.0541)]
                    double height = 0.24051912128925323
                    
                    double radius = 0.054099999368190765
                    matrix4d xformOp:transform = ( (-0.10518921082862365, 0.03908213269914085, -0.993684033715887, 0), (-0.03908213269914085, 0.9982930325657366, 0.043400555915357186, 0), (0.993684033715887, 0.043400555915357186, -0.1034822433943603, 0), (-0.021150000393390656, 0.007899999618530273, -0.19919998943805695, 1) )
                    uniform token[] xformOpOrder = ["xformOp:transform"]
                }
            }
        }

        def Xform "R_Ankle" (
            apiSchemas = ["PhysicsRigidBodyAPI", "PhysxRigidBodyAPI", "PhysicsMassAPI", "PhysicsFilteredPairsAPI"]
        )
        {
            float physics:density = 0
            rel physics:filteredPairs = </smpl_humanoid/bodies/L_Knee>
            matrix4d xformOp:transform = ( (1, 0, 0, 0), (0, 1, 0, 0), (0, 0, 1, 0), (-0.05730000138282776, -0.3135000169277191, -0.8432999849319458, 1) )
            uniform token[] xformOpOrder = ["xformOp:transform"]

            def "collisions"
            {
                def Cube "_geom_7" (
                    apiSchemas = ["PhysicsCollisionAPI", "PhysicsMeshCollisionAPI"]
                )
                {
                    float3[] extent = [(-0.0865, -0.0483, -0.0478), (0.0865, 0.0483, 0.0478)]
                    uniform token physics:approximation = "boundingCube"
                    uniform token purpose = "guide"
                    matrix4d xformOp:transform = ( (0.08649999648332596, 0, 0, 0), (0, 0.04830000177025795, 0, 0), (0, 0, 0.04780000075697899, 0), (0.025599999353289604, -0.021199999377131462, -0.017400000244379044, 1) )
                    uniform token[] xformOpOrder = ["xformOp:transform"]
                }
            }

            def "visuals"
            {
                def Cube "_geom_7" (
                    apiSchemas = ["MaterialBindingAPI"]
                )
                {
                    float3[] extent = [(-0.0865, -0.0483, -0.0478), (0.0865, 0.0483, 0.0478)]
                    
                    matrix4d xformOp:transform = ( (0.08649999648332596, 0, 0, 0), (0, 0.04830000177025795, 0, 0), (0, 0, 0.04780000075697899, 0), (0.025599999353289604, -0.021199999377131462, -0.017400000244379044, 1) )
                    uniform token[] xformOpOrder = ["xformOp:transform"]
                }
            }
        }

        def Xform "R_Toe" (
            apiSchemas = ["PhysicsRigidBodyAPI", "PhysxRigidBodyAPI", "PhysicsMassAPI", "PhysicsFilteredPairsAPI"]
        )
        {
            float physics:density = 0
            rel physics:filteredPairs = [
                </smpl_humanoid/bodies/L_Knee>,
                </smpl_humanoid/bodies/R_Knee>,
            ]
            matrix4d xformOp:transform = ( (1, 0, 0, 0), (0, 1, 0, 0), (0, 0, 1, 0), (0.06599999964237213, -0.33890002965927124, -0.8913999795913696, 1) )
            uniform token[] xformOpOrder = ["xformOp:transform"]

            def "collisions"
            {
                def Cube "_geom_8" (
                    apiSchemas = ["PhysicsCollisionAPI", "PhysicsMeshCollisionAPI"]
                )
                {
                    float3[] extent = [(-0.0493, -0.0479, -0.0216), (0.0493, 0.0479, 0.0216)]
                    uniform token physics:approximation = "boundingCube"
                    uniform token purpose = "guide"
                    matrix4d xformOp:transform = ( (0.049300000071525574, 0, 0, 0), (0, 0.0478999987244606, 0, 0), (0, 0, 0.02160000056028366, 0), (0.022700000554323196, 0.00419999985024333, 0.0044999998062849045, 1) )
                    uniform token[] xformOpOrder = ["xformOp:transform"]
                }
            }

            def "visuals"
            {
                def Cube "_geom_8" (
                    apiSchemas = ["MaterialBindingAPI"]
                )
                {
                    float3[] extent = [(-0.0493, -0.0479, -0.0216), (0.0493, 0.0479, 0.0216)]
                    
                    matrix4d xformOp:transform = ( (0.049300000071525574, 0, 0, 0), (0, 0.0478999987244606, 0, 0), (0, 0, 0.02160000056028366, 0), (0.022700000554323196, 0.00419999985024333, 0.0044999998062849045, 1) )
                    uniform token[] xformOpOrder = ["xformOp:transform"]
                }
            }
        }

        def Xform "Torso" (
            apiSchemas = ["PhysicsRigidBodyAPI", "PhysxRigidBodyAPI", "PhysicsMassAPI", "PhysicsFilteredPairsAPI"]
        )
        {
            float physics:density = 0
            rel physics:filteredPairs = </smpl_humanoid/bodies/Chest>
            matrix4d xformOp:transform = ( (1, 0, 0, 0), (0, 1, 0, 0), (0, 0, 1, 0), (-0.02850000001490116, -0.22579999268054962, 0.1371999979019165, 1) )
            uniform token[] xformOpOrder = ["xformOp:transform"]

            def "collisions"
            {
                def Capsule "_geom_9" (
                    apiSchemas = ["PhysicsCollisionAPI", "PhysicsMeshCollisionAPI"]
                )
                {
                    uniform token axis = "X"
                    float3[] extent = [(-0.083654806, -0.0769, -0.0769), (0.083654806, 0.0769, 0.0769)]
                    double height = 0.01350962370634079
                    uniform token physics:approximation = "convexHull"
                    uniform token purpose = "guide"
                    double radius = 0.07689999788999557
                    matrix4d xformOp:transform = ( (0.007402076388828394, 0.03701065877151688, 0.9992874801374754, 0), (-0.03701065877151688, 0.998640275983483, -0.03671253717843381, 0), (-0.9992874801374754, -0.03671253717843381, 0.008761800405345355, 0), (0.0005499999970197678, 0.002749999985098839, 0.06755000352859497, 1) )
                    uniform token[] xformOpOrder = ["xformOp:transform"]
                }
            }

            def "visuals"
            {
                def Capsule "_geom_9" (
                    apiSchemas = ["MaterialBindingAPI"]
                )
                {
                    uniform token axis = "X"
                    float3[] extent = [(-0.083654806, -0.0769, -0.0769), (0.083654806, 0.0769, 0.0769)]
                    double height = 0.01350962370634079
                    
                    double radius = 0.07689999788999557
                    matrix4d xformOp:transform = ( (0.007402076388828394, 0.03701065877151688, 0.9992874801374754, 0), (-0.03701065877151688, 0.998640275983483, -0.03671253717843381, 0), (-0.9992874801374754, -0.03671253717843381, 0.008761800405345355, 0), (0.0005499999970197678, 0.002749999985098839, 0.06755000352859497, 1) )
                    uniform token[] xformOpOrder = ["xformOp:transform"]
                }
            }
        }

        def Xform "Spine" (
            apiSchemas = ["PhysicsRigidBodyAPI", "PhysxRigidBodyAPI", "PhysicsMassAPI", "PhysicsFilteredPairsAPI"]
        )
        {
            float physics:density = 0
            matrix4d xformOp:transform = ( (1, 0, 0, 0), (0, 1, 0, 0), (0, 0, 1, 0), (-0.027400000020861626, -0.22029998898506165, 0.27239999175071716, 1) )
            uniform token[] xformOpOrder = ["xformOp:transform"]

            def "collisions"
            {
                def Capsule "_geom_10" (
                    apiSchemas = ["PhysicsCollisionAPI", "PhysicsMeshCollisionAPI"]
                )
                {
                    uniform token axis = "X"
                    float3[] extent = [(-0.07845212, -0.0755, -0.0755), (0.07845212, 0.0755, 0.0755)]
                    double height = 0.00590423634275794
                    uniform token physics:approximation = "convexHull"
                    uniform token purpose = "guide"
                    double radius = 0.0754999965429306
                    matrix4d xformOp:transform = ( (0.4403618872690447, 0.016936992206694867, 0.8976605616635425, 0), (-0.016936992206694867, 0.9998008405180587, -0.010555452245490926, 0), (-0.8976605616635425, -0.010555452245490926, 0.44056104675098595, 0), (0.012700000777840614, 0.000750000006519258, 0.02645000070333481, 1) )
                    uniform token[] xformOpOrder = ["xformOp:transform"]
                }
            }

            def "visuals"
            {
                def Capsule "_geom_10" (
                    apiSchemas = ["MaterialBindingAPI"]
                )
                {
                    uniform token axis = "X"
                    float3[] extent = [(-0.07845212, -0.0755, -0.0755), (0.07845212, 0.0755, 0.0755)]
                    double height = 0.00590423634275794
                    
                    double radius = 0.0754999965429306
                    matrix4d xformOp:transform = ( (0.4403618872690447, 0.016936992206694867, 0.8976605616635425, 0), (-0.016936992206694867, 0.9998008405180587, -0.010555452245490926, 0), (-0.8976605616635425, -0.010555452245490926, 0.44056104675098595, 0), (0.012700000777840614, 0.000750000006519258, 0.02645000070333481, 1) )
                    uniform token[] xformOpOrder = ["xformOp:transform"]
                }
            }
        }

        def Xform "Chest" (
            apiSchemas = ["PhysicsRigidBodyAPI", "PhysxRigidBodyAPI", "PhysicsMassAPI", "PhysicsFilteredPairsAPI"]
        )
        {
            float physics:density = 0
            rel physics:filteredPairs = [
                </smpl_humanoid/bodies/Torso>,
                </smpl_humanoid/bodies/Head>,
                </smpl_humanoid/bodies/L_Shoulder>,
                </smpl_humanoid/bodies/R_Shoulder>,
            ]
            matrix4d xformOp:transform = ( (1, 0, 0, 0), (0, 1, 0, 0), (0, 0, 1, 0), (-0.0020000003278255463, -0.21879999339580536, 0.3252999782562256, 1) )
            uniform token[] xformOpOrder = ["xformOp:transform"]

            def "collisions"
            {
                def Capsule "_geom_11" (
                    apiSchemas = ["PhysicsCollisionAPI", "PhysicsMeshCollisionAPI"]
                )
                {
                    uniform token axis = "X"
                    float3[] extent = [(-0.10799792, -0.1002, -0.1002), (0.10799792, 0.1002, 0.1002)]
                    double height = 0.015595834702253342
                    uniform token physics:approximation = "convexHull"
                    uniform token purpose = "guide"
                    double radius = 0.10019999742507935
                    matrix4d xformOp:transform = ( (-0.25006691621620214, -0.006411973064500476, 0.9682074862017771, 0), (0.006411973064500476, 0.9999451772621161, 0.00827822960254665, 0), (-0.9682074862017771, 0.00827822960254665, -0.2500120934783183, 0), (-0.01924999989569187, -0.0009500000160187483, 0.07575000077486038, 1) )
                    uniform token[] xformOpOrder = ["xformOp:transform"]
                }
            }

            def "visuals"
            {
                def Capsule "_geom_11" (
                    apiSchemas = ["MaterialBindingAPI"]
                )
                {
                    uniform token axis = "X"
                    float3[] extent = [(-0.10799792, -0.1002, -0.1002), (0.10799792, 0.1002, 0.1002)]
                    double height = 0.015595834702253342
                    
                    double radius = 0.10019999742507935
                    matrix4d xformOp:transform = ( (-0.25006691621620214, -0.006411973064500476, 0.9682074862017771, 0), (0.006411973064500476, 0.9999451772621161, 0.00827822960254665, 0), (-0.9682074862017771, 0.00827822960254665, -0.2500120934783183, 0), (-0.01924999989569187, -0.0009500000160187483, 0.07575000077486038, 1) )
                    uniform token[] xformOpOrder = ["xformOp:transform"]
                }
            }
        }

        def Xform "Neck" (
            apiSchemas = ["PhysicsRigidBodyAPI", "PhysxRigidBodyAPI", "PhysicsMassAPI", "PhysicsFilteredPairsAPI"]
        )
        {
            float physics:density = 0
            matrix4d xformOp:transform = ( (1, 0, 0, 0), (0, 1, 0, 0), (0, 0, 1, 0), (-0.04490000009536743, -0.2215999960899353, 0.539199948310852, 1) )
            uniform token[] xformOpOrder = ["xformOp:transform"]

            def "collisions"
            {
                def Capsule "_geom_12" (
                    apiSchemas = ["PhysicsCollisionAPI", "PhysicsMeshCollisionAPI"]
                )
                {
                    uniform token axis = "X"
                    float3[] extent = [(-0.06849603, -0.0436, -0.0436), (0.06849603, 0.0436, 0.0436)]
                    double height = 0.04979206994175911
                    uniform token physics:approximation = "convexHull"
                    uniform token purpose = "guide"
                    double radius = 0.04360000044107437
                    matrix4d xformOp:transform = ( (0.6185723071703046, 0.0622589219158165, 0.7832574138282666, 0), (-0.0622589219158165, 0.9976051900591054, -0.030128254444425462, 0), (-0.7832574138282666, -0.030128254444425462, 0.6209671171111992, 0), (0.025699999183416367, 0.0025500000920146704, 0.032499998807907104, 1) )
                    uniform token[] xformOpOrder = ["xformOp:transform"]
                }
            }

            def "visuals"
            {
                def Capsule "_geom_12" (
                    apiSchemas = ["MaterialBindingAPI"]
                )
                {
                    uniform token axis = "X"
                    float3[] extent = [(-0.06849603, -0.0436, -0.0436), (0.06849603, 0.0436, 0.0436)]
                    double height = 0.04979206994175911
                    
                    double radius = 0.04360000044107437
                    matrix4d xformOp:transform = ( (0.6185723071703046, 0.0622589219158165, 0.7832574138282666, 0), (-0.0622589219158165, 0.9976051900591054, -0.030128254444425462, 0), (-0.7832574138282666, -0.030128254444425462, 0.6209671171111992, 0), (0.025699999183416367, 0.0025500000920146704, 0.032499998807907104, 1) )
                    uniform token[] xformOpOrder = ["xformOp:transform"]
                }
            }
        }

        def Xform "Head" (
            apiSchemas = ["PhysicsRigidBodyAPI", "PhysxRigidBodyAPI", "PhysicsMassAPI", "PhysicsFilteredPairsAPI"]
        )
        {
            float physics:density = 0
            rel physics:filteredPairs = </smpl_humanoid/bodies/Chest>
            matrix4d xformOp:transform = ( (1, 0, 0, 0), (0, 1, 0, 0), (0, 0, 1, 0), (0.006400000303983688, -0.21639999747276306, 0.6041999459266663, 1) )
            uniform token[] xformOpOrder = ["xformOp:transform"]

            def "collisions"
            {
                def Cube "_geom_13" (
                    apiSchemas = ["PhysicsCollisionAPI", "PhysicsMeshCollisionAPI"]
                )
                {
                    float3[] extent = [(-0.076, -0.0606, -0.1154), (0.076, 0.0606, 0.1154)]
                    uniform token physics:approximation = "boundingCube"
                    uniform token purpose = "guide"
                    matrix4d xformOp:transform = ( (0.07599999755620956, 0, 0, 0), (0, 0.060600001364946365, 0, 0), (0, 0, 0.11540000140666962, 0), (-0.011599999852478504, -0.00419999985024333, 0.08760000020265579, 1) )
                    uniform token[] xformOpOrder = ["xformOp:transform"]
                }
            }

            def "visuals"
            {
                def Cube "_geom_13" (
                    apiSchemas = ["MaterialBindingAPI"]
                )
                {
                    float3[] extent = [(-0.076, -0.0606, -0.1154), (0.076, 0.0606, 0.1154)]
                    
                    matrix4d xformOp:transform = ( (0.07599999755620956, 0, 0, 0), (0, 0.060600001364946365, 0, 0), (0, 0, 0.11540000140666962, 0), (-0.011599999852478504, -0.00419999985024333, 0.08760000020265579, 1) )
                    uniform token[] xformOpOrder = ["xformOp:transform"]
                }
            }
        }

        def Xform "L_Thorax" (
            apiSchemas = ["PhysicsRigidBodyAPI", "PhysxRigidBodyAPI", "PhysicsMassAPI", "PhysicsFilteredPairsAPI"]
        )
        {
            float physics:density = 0
            matrix4d xformOp:transform = ( (1, 0, 0, 0), (0, 1, 0, 0), (0, 0, 1, 0), (-0.03610000014305115, -0.13999998569488525, 0.4469999670982361, 1) )
            uniform token[] xformOpOrder = ["xformOp:transform"]

            def "collisions"
            {
                def Capsule "_geom_14" (
                    apiSchemas = ["PhysicsCollisionAPI", "PhysicsMeshCollisionAPI"]
                )
                {
                    uniform token axis = "X"
                    float3[] extent = [(-0.08101427, -0.0521, -0.0521), (0.08101427, 0.0521, 0.0521)]
                    double height = 0.05782854184508324
                    uniform token physics:approximation = "convexHull"
                    uniform token purpose = "guide"
                    double radius = 0.05209999904036522
                    matrix4d xformOp:transform = ( (-0.09165033051700222, 0.9441705227366981, 0.31645275210281376, 0), (-0.9441705227366981, 0.01859612768646457, -0.3289320613587776, 0), (-0.31645275210281376, -0.3289320613587776, 0.8897535417965332, 0), (-0.004449999891221523, 0.045500002801418304, 0.015249999240040779, 1) )
                    uniform token[] xformOpOrder = ["xformOp:transform"]
                }
            }

            def "visuals"
            {
                def Capsule "_geom_14" (
                    apiSchemas = ["MaterialBindingAPI"]
                )
                {
                    uniform token axis = "X"
                    float3[] extent = [(-0.08101427, -0.0521, -0.0521), (0.08101427, 0.0521, 0.0521)]
                    double height = 0.05782854184508324
                    
                    double radius = 0.05209999904036522
                    matrix4d xformOp:transform = ( (-0.09165033051700222, 0.9441705227366981, 0.31645275210281376, 0), (-0.9441705227366981, 0.01859612768646457, -0.3289320613587776, 0), (-0.31645275210281376, -0.3289320613587776, 0.8897535417965332, 0), (-0.004449999891221523, 0.045500002801418304, 0.015249999240040779, 1) )
                    uniform token[] xformOpOrder = ["xformOp:transform"]
                }
            }
        }

        def Xform "L_Shoulder" (
            apiSchemas = ["PhysicsRigidBodyAPI", "PhysxRigidBodyAPI", "PhysicsMassAPI", "PhysicsFilteredPairsAPI"]
        )
        {
            float physics:density = 0
            rel physics:filteredPairs = </smpl_humanoid/bodies/Chest>
            matrix4d xformOp:transform = ( (1, 0, 0, 0), (0, 1, 0, 0), (0, 0, 1, 0), (-0.04500000178813934, -0.04899998754262924, 0.47749996185302734, 1) )
            uniform token[] xformOpOrder = ["xformOp:transform"]

            def "collisions"
            {
                def Capsule "_geom_15" (
                    apiSchemas = ["PhysicsCollisionAPI", "PhysicsMeshCollisionAPI"]
                )
                {
                    uniform token axis = "X"
                    float3[] extent = [(-0.13012776, -0.0517, -0.0517), (0.13012776, 0.0517, 0.0517)]
                    double height = 0.156855508685112
                    uniform token physics:approximation = "convexHull"
                    uniform token purpose = "guide"
                    double radius = 0.05169999971985817
                    matrix4d xformOp:transform = ( (-0.10519239866137697, 0.993270810996421, -0.04845223674910759, 0), (-0.993270810996421, -0.10256879630480853, 0.05378384601591968, 0), (0.04845223674910759, 0.05378384601591968, 0.9973763976434316, 0), (-0.013749999925494194, 0.1297999918460846, -0.006400000303983688, 1) )
                    uniform token[] xformOpOrder = ["xformOp:transform"]
                }
            }

            def "visuals"
            {
                def Capsule "_geom_15" (
                    apiSchemas = ["MaterialBindingAPI"]
                )
                {
                    uniform token axis = "X"
                    float3[] extent = [(-0.13012776, -0.0517, -0.0517), (0.13012776, 0.0517, 0.0517)]
                    double height = 0.156855508685112
                    
                    double radius = 0.05169999971985817
                    matrix4d xformOp:transform = ( (-0.10519239866137697, 0.993270810996421, -0.04845223674910759, 0), (-0.993270810996421, -0.10256879630480853, 0.05378384601591968, 0), (0.04845223674910759, 0.05378384601591968, 0.9973763976434316, 0), (-0.013749999925494194, 0.1297999918460846, -0.006400000303983688, 1) )
                    uniform token[] xformOpOrder = ["xformOp:transform"]
                }
            }
        }

        def Xform "L_Elbow" (
            apiSchemas = ["PhysicsRigidBodyAPI", "PhysxRigidBodyAPI", "PhysicsMassAPI", "PhysicsFilteredPairsAPI"]
        )
        {
            float physics:density = 0
            matrix4d xformOp:transform = ( (1, 0, 0, 0), (0, 1, 0, 0), (0, 0, 1, 0), (-0.07250000536441803, 0.21060001850128174, 0.46469995379447937, 1) )
            uniform token[] xformOpOrder = ["xformOp:transform"]

            def "collisions"
            {
                def Capsule "_geom_16" (
                    apiSchemas = ["PhysicsCollisionAPI", "PhysicsMeshCollisionAPI"]
                )
                {
                    uniform token axis = "X"
                    float3[] extent = [(-0.11534953, -0.0405, -0.0405), (0.11534953, 0.0405, 0.0405)]
                    double height = 0.14969906210899353
                    uniform token physics:approximation = "convexHull"
                    uniform token purpose = "guide"
                    double radius = 0.04050000011920929
                    matrix4d xformOp:transform = ( (-0.00467614309579556, 0.999338282561169, 0.03607236906798983, 0), (-0.999338282561169, -0.0033688141391010618, -0.036217856161956385, 0), (-0.03607236906798983, -0.036217856161956385, 0.9986926710433056, 0), (-0.0005499999970197678, 0.12459999322891235, 0.0044999998062849045, 1) )
                    uniform token[] xformOpOrder = ["xformOp:transform"]
                }
            }

            def "visuals"
            {
                def Capsule "_geom_16" (
                    apiSchemas = ["MaterialBindingAPI"]
                )
                {
                    uniform token axis = "X"
                    float3[] extent = [(-0.11534953, -0.0405, -0.0405), (0.11534953, 0.0405, 0.0405)]
                    double height = 0.14969906210899353
                    
                    double radius = 0.04050000011920929
                    matrix4d xformOp:transform = ( (-0.00467614309579556, 0.999338282561169, 0.03607236906798983, 0), (-0.999338282561169, -0.0033688141391010618, -0.036217856161956385, 0), (-0.03607236906798983, -0.036217856161956385, 0.9986926710433056, 0), (-0.0005499999970197678, 0.12459999322891235, 0.0044999998062849045, 1) )
                    uniform token[] xformOpOrder = ["xformOp:transform"]
                }
            }
        }

        def Xform "L_Wrist" (
            apiSchemas = ["PhysicsRigidBodyAPI", "PhysxRigidBodyAPI", "PhysicsMassAPI", "PhysicsFilteredPairsAPI"]
        )
        {
            float physics:density = 0
            matrix4d xformOp:transform = ( (1, 0, 0, 0), (0, 1, 0, 0), (0, 0, 1, 0), (-0.07370000332593918, 0.45980000495910645, 0.4736999571323395, 1) )
            uniform token[] xformOpOrder = ["xformOp:transform"]

            def "collisions"
            {
                def Capsule "_geom_17" (
                    apiSchemas = ["PhysicsCollisionAPI", "PhysicsMeshCollisionAPI"]
                )
                {
                    uniform token axis = "X"
                    float3[] extent = [(-0.057515606, -0.0318, -0.0318), (0.057515606, 0.0318, 0.0318)]
                    double height = 0.051431212574243546
                    uniform token physics:approximation = "convexHull"
                    uniform token purpose = "guide"
                    double radius = 0.03180000185966492
                    matrix4d xformOp:transform = ( (-0.17499099970421073, 0.9799496170573434, -0.09527289432356945, 0), (-0.9799496170573434, -0.16398878743393652, 0.11316559423944739, 0), (0.09527289432356945, 0.11316559423944739, 0.9889977877297258, 0), (-0.007500000298023224, 0.041999999433755875, -0.004050000105053186, 1) )
                    uniform token[] xformOpOrder = ["xformOp:transform"]
                }
            }

            def "visuals"
            {
                def Capsule "_geom_17" (
                    apiSchemas = ["MaterialBindingAPI"]
                )
                {
                    uniform token axis = "X"
