#usda 1.0
(
    defaultPrim = "smplx_humanoid"
    upAxis = "Z"
)

def Xform "smplx_humanoid" (
    delete apiSchemas = ["PhysicsArticulationRootAPI", "PhysxArticulationAPI"]
)
{

    def Xform "bodies"
    {
        quatd xformOp:orient = (1, 0, 0, 0)
        double3 xformOp:scale = (1, 1, 1)
        double3 xformOp:translate = (0, 0, 0)
        uniform token[] xformOpOrder = ["xformOp:translate", "xformOp:orient", "xformOp:scale"]

        def Xform "Pelvis" (
            prepend apiSchemas = ["PhysicsRigidBodyAPI", "PhysxRigidBodyAPI", "PhysicsMassAPI", "PhysicsFilteredPairsAPI", "PhysicsArticulationRootAPI", "PhysxArticulationAPI", "AnimationDataAPI"]
        )
        {
            float physics:density = 0
            matrix4d xformOp:transform = ( (1, 0, 0, 0), (0, 1, 0, 0), (0, 0, 1, 0), (0.003100000089034438, -0.3513999879360199, 0.012000000104308128, 1) )
            uniform token[] xformOpOrder = ["xformOp:transform"]

            def "collisions"
            {
                def Cube "Pelvis" (
                    prepend apiSchemas = ["PhysicsCollisionAPI", "PhysicsMeshCollisionAPI"]
                )
                {
                    float3[] extent = [(-0.1079, -0.0846, -0.084), (0.1079, 0.0846, 0.084)]
                    uniform token physics:approximation = "boundingCube"
                    uniform token purpose = "guide"
                    matrix4d xformOp:transform = ( (0.10790000110864639, 0, 0, 0), (0, 0.08460000157356262, 0, 0), (0, 0, 0.08399999886751175, 0), (-0.003100000089034438, -0.0215000007301569, -0.01679999940097332, 1) )
                    uniform token[] xformOpOrder = ["xformOp:transform"]
                }
            }

            def "visuals"
            {
                def Cube "Pelvis" (
                    prepend apiSchemas = ["MaterialBindingAPI"]
                )
                {
                    float3[] extent = [(-0.1079, -0.0846, -0.084), (0.1079, 0.0846, 0.084)]
                    rel material:binding = </smplx_humanoid/bodies/Pelvis/visuals/Looks/material_rgba>
                    matrix4d xformOp:transform = ( (0.10790000110864639, 0, 0, 0), (0, 0.08460000157356262, 0, 0), (0, 0, 0.08399999886751175, 0), (-0.003100000089034438, -0.0215000007301569, -0.01679999940097332, 1) )
                    uniform token[] xformOpOrder = ["xformOp:transform"]
                }

                def Scope "Looks"
                {
                    def Material "material_rgba"
                    {
                        token outputs:mdl:displacement.connect = </smplx_humanoid/visuals/Looks/material_rgba/Shader.outputs:out>
                        token outputs:mdl:surface.connect = </smplx_humanoid/bodies/Pelvis/visuals/Looks/material_rgba/Shader.outputs:out>
                        token outputs:mdl:volume.connect = </smplx_humanoid/bodies/Pelvis/visuals/Looks/material_rgba/Shader.outputs:out>

                        def Shader "Shader"
                        {
                            uniform token info:id = "UsdPreviewSurface"
                            uniform token info:implementationSource = "sourceAsset"
                            uniform asset info:mdl:sourceAsset = @OmniPBR.mdl@
                            uniform token info:mdl:sourceAsset:subIdentifier = "OmniPBR"
                            color3f inputs:diffuse_color_constant = (0.8, 0.6, 0.4)
                            token outputs:out
                        }
                    }
                }
            }
        }

        def Xform "L_Hip" (
            prepend apiSchemas = ["PhysicsRigidBodyAPI", "PhysxRigidBodyAPI", "PhysicsMassAPI", "PhysicsFilteredPairsAPI"]
        )
        {
            float physics:density = 0
            matrix4d xformOp:transform = ( (1, 0, 0, 0), (0, 1, 0, 0), (0, 0, 1, 0), (0.06130000203847885, -0.44419997930526733, -0.014000000432133675, 1) )
            uniform token[] xformOpOrder = ["xformOp:transform"]

            def "collisions"
            {
                def Capsule "L_Hip" (
                    prepend apiSchemas = ["PhysicsCollisionAPI", "PhysicsMeshCollisionAPI"]
                )
                {
                    uniform token axis = "X"
                    float3[] extent = [(-0.175319, -0.0605, -0.0605), (0.175319, 0.0605, 0.0605)]
                    double height = 0.2296379953622818
                    uniform token physics:approximation = "convexHull"
                    uniform token purpose = "guide"
                    double radius = 0.060499999672174454
                    matrix4d xformOp:transform = ( (0.14326869494199934, -0.9893834559666459, -0.024386208650239105, 0), (0.9893834559666459, 0.1437888587809013, -0.021103792884861194, 0), (0.024386208650239105, -0.021103792884861194, 0.999479836161098, 0), (0.02735000103712082, -0.18940000236034393, -0.004699999932199717, 1) )
                    uniform token[] xformOpOrder = ["xformOp:transform"]
                }
            }

            def "visuals"
            {
                def Capsule "L_Hip" (
                    prepend apiSchemas = ["MaterialBindingAPI"]
                )
                {
                    uniform token axis = "X"
                    float3[] extent = [(-0.175319, -0.0605, -0.0605), (0.175319, 0.0605, 0.0605)]
                    double height = 0.2296379953622818
                    rel material:binding = </smplx_humanoid/bodies/L_Hip/visuals/Looks/material_rgba>
                    double radius = 0.060499999672174454
                    matrix4d xformOp:transform = ( (0.14326869494199934, -0.9893834559666459, -0.024386208650239105, 0), (0.9893834559666459, 0.1437888587809013, -0.021103792884861194, 0), (0.024386208650239105, -0.021103792884861194, 0.999479836161098, 0), (0.02735000103712082, -0.18940000236034393, -0.004699999932199717, 1) )
                    uniform token[] xformOpOrder = ["xformOp:transform"]
                }

                def Scope "Looks"
                {
                    def Material "material_rgba"
                    {
                        token outputs:mdl:displacement.connect = </smplx_humanoid/bodies/L_Hip/visuals/Looks/material_rgba/Shader.outputs:out>
                        token outputs:mdl:surface.connect = </smplx_humanoid/bodies/L_Hip/visuals/Looks/material_rgba/Shader.outputs:out>
                        token outputs:mdl:volume.connect = </smplx_humanoid/bodies/L_Hip/visuals/Looks/material_rgba/Shader.outputs:out>

                        def Shader "Shader"
                        {
                            uniform token info:id = "UsdPreviewSurface"
                            uniform token info:implementationSource = "sourceAsset"
                            uniform asset info:mdl:sourceAsset = @OmniPBR.mdl@
                            uniform token info:mdl:sourceAsset:subIdentifier = "OmniPBR"
                            color3f inputs:diffuse_color_constant = (0.8, 0.6, 0.4)
                            token outputs:out
                        }
                    }
                }
            }
        }

        def Xform "L_Knee" (
            prepend apiSchemas = ["PhysicsRigidBodyAPI", "PhysxRigidBodyAPI", "PhysicsMassAPI", "PhysicsFilteredPairsAPI"]
        )
        {
            float physics:density = 0
            prepend rel physics:filteredPairs = [
                </smplx_humanoid/bodies/L_Toe>,
                </smplx_humanoid/bodies/R_Ankle>,
                </smplx_humanoid/bodies/R_Toe>,
            ]
            matrix4d xformOp:transform = ( (1, 0, 0, 0), (0, 1, 0, 0), (0, 0, 1, 0), (0.11599999666213989, -0.8229999542236328, -0.023400001227855682, 1) )
            uniform token[] xformOpOrder = ["xformOp:transform"]

            def "collisions"
            {
                def Capsule "L_Knee" (
                    prepend apiSchemas = ["PhysicsCollisionAPI", "PhysicsMeshCollisionAPI"]
                )
                {
                    uniform token axis = "X"
                    float3[] extent = [(-0.1752767, -0.0533, -0.0533), (0.1752767, 0.0533, 0.0533)]
                    double height = 0.2439534068107605
                    uniform token physics:approximation = "convexHull"
                    uniform token purpose = "guide"
                    double radius = 0.053300000727176666
                    matrix4d xformOp:transform = ( (-0.1069878158655524, -0.9911729708978001, -0.07829363379019894, 0), (0.9911729708978001, -0.100123528560637, -0.08689973516034177, 0), (0.07829363379019894, -0.08689973516034177, 0.9931357126950846, 0), (-0.02174999937415123, -0.20149999856948853, -0.015949999913573265, 1) )
                    uniform token[] xformOpOrder = ["xformOp:transform"]
                }
            }

            def "visuals"
            {
                def Capsule "L_Knee" (
                    prepend apiSchemas = ["MaterialBindingAPI"]
                )
                {
                    uniform token axis = "X"
                    float3[] extent = [(-0.1752767, -0.0533, -0.0533), (0.1752767, 0.0533, 0.0533)]
                    double height = 0.2439534068107605
                    rel material:binding = </smplx_humanoid/bodies/L_Knee/visuals/Looks/material_rgba>
                    double radius = 0.053300000727176666
                    matrix4d xformOp:transform = ( (-0.1069878158655524, -0.9911729708978001, -0.07829363379019894, 0), (0.9911729708978001, -0.100123528560637, -0.08689973516034177, 0), (0.07829363379019894, -0.08689973516034177, 0.9931357126950846, 0), (-0.02174999937415123, -0.20149999856948853, -0.015949999913573265, 1) )
                    uniform token[] xformOpOrder = ["xformOp:transform"]
                }

                def Scope "Looks"
                {
                    def Material "material_rgba"
                    {
                        token outputs:mdl:displacement.connect = </smplx_humanoid/bodies/L_Knee/visuals/Looks/material_rgba/Shader.outputs:out>
                        token outputs:mdl:surface.connect = </smplx_humanoid/bodies/L_Knee/visuals/Looks/material_rgba/Shader.outputs:out>
                        token outputs:mdl:volume.connect = </smplx_humanoid/bodies/L_Knee/visuals/Looks/material_rgba/Shader.outputs:out>

                        def Shader "Shader"
                        {
                            uniform token info:id = "UsdPreviewSurface"
                            uniform token info:implementationSource = "sourceAsset"
                            uniform asset info:mdl:sourceAsset = @OmniPBR.mdl@
                            uniform token info:mdl:sourceAsset:subIdentifier = "OmniPBR"
                            color3f inputs:diffuse_color_constant = (0.8, 0.6, 0.4)
                            token outputs:out
                        }
                    }
                }
            }
        }

        def Xform "L_Ankle" (
            prepend apiSchemas = ["PhysicsRigidBodyAPI", "PhysxRigidBodyAPI", "PhysicsMassAPI", "PhysicsFilteredPairsAPI"]
        )
        {
            float physics:density = 0
            prepend rel physics:filteredPairs = </smplx_humanoid/bodies/R_Knee>
            matrix4d xformOp:transform = ( (1, 0, 0, 0), (0, 1, 0, 0), (0, 0, 1, 0), (0.07249999791383743, -1.226099967956543, -0.05530000105500221, 1) )
            uniform token[] xformOpOrder = ["xformOp:transform"]

            def "collisions"
            {
                def Cube "L_Ankle" (
                    prepend apiSchemas = ["PhysicsCollisionAPI", "PhysicsMeshCollisionAPI"]
                )
                {
                    float3[] extent = [(-0.0498, -0.0464, -0.0857), (0.0498, 0.0464, 0.0857)]
                    uniform token physics:approximation = "boundingCube"
                    uniform token purpose = "guide"
                    matrix4d xformOp:transform = ( (0.049800001084804535, 0, 0, 0), (0, 0.04639999940991402, 0, 0), (0, 0, 0.08569999784231186, 0), (0.040699999779462814, -0.028699999675154686, 0.02319999970495701, 1) )
                    uniform token[] xformOpOrder = ["xformOp:transform"]
                }
            }

            def "visuals"
            {
                def Cube "L_Ankle" (
                    prepend apiSchemas = ["MaterialBindingAPI"]
                )
                {
                    float3[] extent = [(-0.0498, -0.0464, -0.0857), (0.0498, 0.0464, 0.0857)]
                    rel material:binding = </smplx_humanoid/bodies/L_Ankle/visuals/Looks/material_rgba>
                    matrix4d xformOp:transform = ( (0.049800001084804535, 0, 0, 0), (0, 0.04639999940991402, 0, 0), (0, 0, 0.08569999784231186, 0), (0.040699999779462814, -0.028699999675154686, 0.02319999970495701, 1) )
                    uniform token[] xformOpOrder = ["xformOp:transform"]
                }

                def Scope "Looks"
                {
                    def Material "material_rgba"
                    {
                        token outputs:mdl:displacement.connect = </smplx_humanoid/bodies/L_Ankle/visuals/Looks/material_rgba/Shader.outputs:out>
                        token outputs:mdl:surface.connect = </smplx_humanoid/bodies/L_Ankle/visuals/Looks/material_rgba/Shader.outputs:out>
                        token outputs:mdl:volume.connect = </smplx_humanoid/bodies/L_Ankle/visuals/Looks/material_rgba/Shader.outputs:out>

                        def Shader "Shader"
                        {
                            uniform token info:id = "UsdPreviewSurface"
                            uniform token info:implementationSource = "sourceAsset"
                            uniform asset info:mdl:sourceAsset = @OmniPBR.mdl@
                            uniform token info:mdl:sourceAsset:subIdentifier = "OmniPBR"
                            color3f inputs:diffuse_color_constant = (0.8, 0.6, 0.4)
                            token outputs:out
                        }
                    }
                }
            }
        }

        def Xform "L_Toe" (
            prepend apiSchemas = ["PhysicsRigidBodyAPI", "PhysxRigidBodyAPI", "PhysicsMassAPI", "PhysicsFilteredPairsAPI"]
        )
        {
            float physics:density = 0
            prepend rel physics:filteredPairs = [
                </smplx_humanoid/bodies/L_Knee>,
                </smplx_humanoid/bodies/R_Knee>,
            ]
            matrix4d xformOp:transform = ( (1, 0, 0, 0), (0, 1, 0, 0), (0, 0, 1, 0), (0.11980000138282776, -1.2840999364852905, 0.06289999186992645, 1) )
            uniform token[] xformOpOrder = ["xformOp:transform"]

            def "collisions"
            {
                def Cube "L_Toe" (
                    prepend apiSchemas = ["PhysicsCollisionAPI", "PhysicsMeshCollisionAPI"]
                )
                {
                    float3[] extent = [(-0.0478, -0.0205, -0.0495), (0.0478, 0.0205, 0.0495)]
                    uniform token physics:approximation = "boundingCube"
                    uniform token purpose = "guide"
                    matrix4d xformOp:transform = ( (0.04780000075697899, 0, 0, 0), (0, 0.020500000566244125, 0, 0), (0, 0, 0.0494999997317791, 0), (-0.006500000134110451, 0.0034000000450760126, 0.025599999353289604, 1) )
                    uniform token[] xformOpOrder = ["xformOp:transform"]
                }
            }

            def "visuals"
            {
                def Cube "L_Toe" (
                    prepend apiSchemas = ["MaterialBindingAPI"]
                )
                {
                    float3[] extent = [(-0.0478, -0.0205, -0.0495), (0.0478, 0.0205, 0.0495)]
                    rel material:binding = </smplx_humanoid/bodies/L_Toe/visuals/Looks/material_rgba>
                    matrix4d xformOp:transform = ( (0.04780000075697899, 0, 0, 0), (0, 0.020500000566244125, 0, 0), (0, 0, 0.0494999997317791, 0), (-0.006500000134110451, 0.0034000000450760126, 0.025599999353289604, 1) )
                    uniform token[] xformOpOrder = ["xformOp:transform"]
                }

                def Scope "Looks"
                {
                    def Material "material_rgba"
                    {
                        token outputs:mdl:displacement.connect = </smplx_humanoid/bodies/L_Toe/visuals/Looks/material_rgba/Shader.outputs:out>
                        token outputs:mdl:surface.connect = </smplx_humanoid/bodies/L_Toe/visuals/Looks/material_rgba/Shader.outputs:out>
                        token outputs:mdl:volume.connect = </smplx_humanoid/bodies/L_Toe/visuals/Looks/material_rgba/Shader.outputs:out>

                        def Shader "Shader"
                        {
                            uniform token info:id = "UsdPreviewSurface"
                            uniform token info:implementationSource = "sourceAsset"
                            uniform asset info:mdl:sourceAsset = @OmniPBR.mdl@
                            uniform token info:mdl:sourceAsset:subIdentifier = "OmniPBR"
                            color3f inputs:diffuse_color_constant = (0.8, 0.6, 0.4)
                            token outputs:out
                        }
                    }
                }
            }
        }

        def Xform "R_Hip" (
            prepend apiSchemas = ["PhysicsRigidBodyAPI", "PhysxRigidBodyAPI", "PhysicsMassAPI", "PhysicsFilteredPairsAPI"]
        )
        {
            float physics:density = 0
            matrix4d xformOp:transform = ( (1, 0, 0, 0), (0, 1, 0, 0), (0, 0, 1, 0), (-0.06019999831914902, -0.455299973487854, -0.009299999102950096, 1) )
            uniform token[] xformOpOrder = ["xformOp:transform"]

            def "collisions"
            {
                def Capsule "R_Hip" (
                    prepend apiSchemas = ["PhysicsCollisionAPI", "PhysicsMeshCollisionAPI"]
                )
                {
                    uniform token axis = "X"
                    float3[] extent = [(-0.16942702, -0.0598, -0.0598), (0.16942702, 0.0598, 0.0598)]
                    double height = 0.2192540466785431
                    uniform token physics:approximation = "convexHull"
                    uniform token purpose = "guide"
                    double radius = 0.05979999899864197
                    matrix4d xformOp:transform = ( (-0.12132053519705899, -0.9915439039198688, -0.04606528610152427, 0), (0.9915439039198688, -0.11890553555645766, -0.051982270691417476, 0), (0.04606528610152427, -0.051982270691417476, 0.9975850003593986, 0), (-0.022099999710917473, -0.18119999766349792, -0.008450000546872616, 1) )
                    uniform token[] xformOpOrder = ["xformOp:transform"]
                }
            }

            def "visuals"
            {
                def Capsule "R_Hip" (
                    prepend apiSchemas = ["MaterialBindingAPI"]
                )
                {
                    uniform token axis = "X"
                    float3[] extent = [(-0.16942702, -0.0598, -0.0598), (0.16942702, 0.0598, 0.0598)]
                    double height = 0.2192540466785431
                    rel material:binding = </smplx_humanoid/bodies/R_Hip/visuals/Looks/material_rgba>
                    double radius = 0.05979999899864197
                    matrix4d xformOp:transform = ( (-0.12132053519705899, -0.9915439039198688, -0.04606528610152427, 0), (0.9915439039198688, -0.11890553555645766, -0.051982270691417476, 0), (0.04606528610152427, -0.051982270691417476, 0.9975850003593986, 0), (-0.022099999710917473, -0.18119999766349792, -0.008450000546872616, 1) )
                    uniform token[] xformOpOrder = ["xformOp:transform"]
                }

                def Scope "Looks"
                {
                    def Material "material_rgba"
                    {
                        token outputs:mdl:displacement.connect = </smplx_humanoid/bodies/R_Hip/visuals/Looks/material_rgba/Shader.outputs:out>
                        token outputs:mdl:surface.connect = </smplx_humanoid/bodies/R_Hip/visuals/Looks/material_rgba/Shader.outputs:out>
                        token outputs:mdl:volume.connect = </smplx_humanoid/bodies/R_Hip/visuals/Looks/material_rgba/Shader.outputs:out>

                        def Shader "Shader"
                        {
                            uniform token info:id = "UsdPreviewSurface"
                            uniform token info:implementationSource = "sourceAsset"
                            uniform asset info:mdl:sourceAsset = @OmniPBR.mdl@
                            uniform token info:mdl:sourceAsset:subIdentifier = "OmniPBR"
                            color3f inputs:diffuse_color_constant = (0.8, 0.6, 0.4)
                            token outputs:out
                        }
                    }
                }
            }
        }

        def Xform "R_Knee" (
            prepend apiSchemas = ["PhysicsRigidBodyAPI", "PhysxRigidBodyAPI", "PhysicsMassAPI", "PhysicsFilteredPairsAPI"]
        )
        {
            float physics:density = 0
            prepend rel physics:filteredPairs = [
                </smplx_humanoid/bodies/L_Ankle>,
                </smplx_humanoid/bodies/L_Toe>,
                </smplx_humanoid/bodies/R_Toe>,
            ]
            matrix4d xformOp:transform = ( (1, 0, 0, 0), (0, 1, 0, 0), (0, 0, 1, 0), (-0.10439999401569366, -0.8176999688148499, -0.026099998503923416, 1) )
            uniform token[] xformOpOrder = ["xformOp:transform"]

            def "collisions"
            {
                def Capsule "R_Knee" (
                    prepend apiSchemas = ["PhysicsCollisionAPI", "PhysicsMeshCollisionAPI"]
                )
                {
                    uniform token axis = "X"
                    float3[] extent = [(-0.17858656, -0.0551, -0.0551), (0.17858656, 0.0551, 0.0551)]
                    double height = 0.24697311222553253
                    uniform token physics:approximation = "convexHull"
                    uniform token purpose = "guide"
                    double radius = 0.05510000139474869
                    matrix4d xformOp:transform = ( (0.037251187481394776, -0.9980842050572747, -0.0493980853636895, 0), (0.9980842050572747, 0.039603723787017486, -0.04753280033383156, 0), (0.0493980853636895, -0.04753280033383156, 0.9976474636943773, 0), (0.007699999958276749, -0.20534999668598175, -0.010100000537931919, 1) )
                    uniform token[] xformOpOrder = ["xformOp:transform"]
                }
            }

            def "visuals"
            {
                def Capsule "R_Knee" (
                    prepend apiSchemas = ["MaterialBindingAPI"]
                )
                {
                    uniform token axis = "X"
                    float3[] extent = [(-0.17858656, -0.0551, -0.0551), (0.17858656, 0.0551, 0.0551)]
                    double height = 0.24697311222553253
                    rel material:binding = </smplx_humanoid/bodies/R_Knee/visuals/Looks/material_rgba>
                    double radius = 0.05510000139474869
                    matrix4d xformOp:transform = ( (0.037251187481394776, -0.9980842050572747, -0.0493980853636895, 0), (0.9980842050572747, 0.039603723787017486, -0.04753280033383156, 0), (0.0493980853636895, -0.04753280033383156, 0.9976474636943773, 0), (0.007699999958276749, -0.20534999668598175, -0.010100000537931919, 1) )
                    uniform token[] xformOpOrder = ["xformOp:transform"]
                }

                def Scope "Looks"
                {
                    def Material "material_rgba"
                    {
                        token outputs:mdl:displacement.connect = </smplx_humanoid/bodies/R_Knee/visuals/Looks/material_rgba/Shader.outputs:out>
                        token outputs:mdl:surface.connect = </smplx_humanoid/bodies/R_Knee/visuals/Looks/material_rgba/Shader.outputs:out>
                        token outputs:mdl:volume.connect = </smplx_humanoid/bodies/R_Knee/visuals/Looks/material_rgba/Shader.outputs:out>

                        def Shader "Shader"
                        {
                            uniform token info:id = "UsdPreviewSurface"
                            uniform token info:implementationSource = "sourceAsset"
                            uniform asset info:mdl:sourceAsset = @OmniPBR.mdl@
                            uniform token info:mdl:sourceAsset:subIdentifier = "OmniPBR"
                            color3f inputs:diffuse_color_constant = (0.8, 0.6, 0.4)
                            token outputs:out
                        }
                    }
                }
            }
        }

        def Xform "R_Ankle" (
            prepend apiSchemas = ["PhysicsRigidBodyAPI", "PhysxRigidBodyAPI", "PhysicsMassAPI", "PhysicsFilteredPairsAPI"]
        )
        {
            float physics:density = 0
            prepend rel physics:filteredPairs = </smplx_humanoid/bodies/L_Knee>
            matrix4d xformOp:transform = ( (1, 0, 0, 0), (0, 1, 0, 0), (0, 0, 1, 0), (-0.08899999409914017, -1.2283999919891357, -0.046299997717142105, 1) )
            uniform token[] xformOpOrder = ["xformOp:transform"]

            def "collisions"
            {
                def Cube "R_Ankle" (
                    prepend apiSchemas = ["PhysicsCollisionAPI", "PhysicsMeshCollisionAPI"]
                )
                {
                    float3[] extent = [(-0.0498, -0.0464, -0.0857), (0.0498, 0.0464, 0.0857)]
                    uniform token physics:approximation = "boundingCube"
                    uniform token purpose = "guide"
                    matrix4d xformOp:transform = ( (0.049800001084804535, 0, 0, 0), (0, 0.04639999940991402, 0, 0), (0, 0, 0.08569999784231186, 0), (-0.024299999698996544, -0.02630000002682209, 0.0142000000923872, 1) )
                    uniform token[] xformOpOrder = ["xformOp:transform"]
                }
            }

            def "visuals"
            {
                def Cube "R_Ankle" (
                    prepend apiSchemas = ["MaterialBindingAPI"]
                )
                {
                    float3[] extent = [(-0.0498, -0.0464, -0.0857), (0.0498, 0.0464, 0.0857)]
                    rel material:binding = </smplx_humanoid/bodies/R_Ankle/visuals/Looks/material_rgba>
                    matrix4d xformOp:transform = ( (0.049800001084804535, 0, 0, 0), (0, 0.04639999940991402, 0, 0), (0, 0, 0.08569999784231186, 0), (-0.024299999698996544, -0.02630000002682209, 0.0142000000923872, 1) )
                    uniform token[] xformOpOrder = ["xformOp:transform"]
                }

                def Scope "Looks"
                {
                    def Material "material_rgba"
                    {
                        token outputs:mdl:displacement.connect = </smplx_humanoid/bodies/R_Ankle/visuals/Looks/material_rgba/Shader.outputs:out>
                        token outputs:mdl:surface.connect = </smplx_humanoid/bodies/R_Ankle/visuals/Looks/material_rgba/Shader.outputs:out>
                        token outputs:mdl:volume.connect = </smplx_humanoid/bodies/R_Ankle/visuals/Looks/material_rgba/Shader.outputs:out>

                        def Shader "Shader"
                        {
                            uniform token info:id = "UsdPreviewSurface"
                            uniform token info:implementationSource = "sourceAsset"
                            uniform asset info:mdl:sourceAsset = @OmniPBR.mdl@
                            uniform token info:mdl:sourceAsset:subIdentifier = "OmniPBR"
                            color3f inputs:diffuse_color_constant = (0.8, 0.6, 0.4)
                            token outputs:out
                        }
                    }
                }
            }
        }

        def Xform "R_Toe" (
            prepend apiSchemas = ["PhysicsRigidBodyAPI", "PhysxRigidBodyAPI", "PhysicsMassAPI", "PhysicsFilteredPairsAPI"]
        )
        {
            float physics:density = 0
            prepend rel physics:filteredPairs = [
                </smplx_humanoid/bodies/L_Knee>,
                </smplx_humanoid/bodies/R_Knee>,
            ]
            matrix4d xformOp:transform = ( (1, 0, 0, 0), (0, 1, 0, 0), (0, 0, 1, 0), (-0.12779998779296875, -1.2867000102996826, 0.07270000874996185, 1) )
            uniform token[] xformOpOrder = ["xformOp:transform"]

            def "collisions"
            {
                def Cube "R_Toe" (
                    prepend apiSchemas = ["PhysicsCollisionAPI", "PhysicsMeshCollisionAPI"]
                )
                {
                    float3[] extent = [(-0.0478, -0.0205, -0.0495), (0.0478, 0.0205, 0.0495)]
                    uniform token physics:approximation = "boundingCube"
                    uniform token purpose = "guide"
                    matrix4d xformOp:transform = ( (0.04780000075697899, 0, 0, 0), (0, 0.020500000566244125, 0, 0), (0, 0, 0.0494999997317791, 0), (0.014499999582767487, 0.006200000178068876, 0.015799999237060547, 1) )
                    uniform token[] xformOpOrder = ["xformOp:transform"]
                }
            }

            def "visuals"
            {
                def Cube "R_Toe" (
                    prepend apiSchemas = ["MaterialBindingAPI"]
                )
                {
                    float3[] extent = [(-0.0478, -0.0205, -0.0495), (0.0478, 0.0205, 0.0495)]
                    rel material:binding = </smplx_humanoid/bodies/R_Toe/visuals/Looks/material_rgba>
                    matrix4d xformOp:transform = ( (0.04780000075697899, 0, 0, 0), (0, 0.020500000566244125, 0, 0), (0, 0, 0.0494999997317791, 0), (0.014499999582767487, 0.006200000178068876, 0.015799999237060547, 1) )
                    uniform token[] xformOpOrder = ["xformOp:transform"]
                }

                def Scope "Looks"
                {
                    def Material "material_rgba"
                    {
                        token outputs:mdl:displacement.connect = </smplx_humanoid/bodies/R_Toe/visuals/Looks/material_rgba/Shader.outputs:out>
                        token outputs:mdl:surface.connect = </smplx_humanoid/bodies/R_Toe/visuals/Looks/material_rgba/Shader.outputs:out>
                        token outputs:mdl:volume.connect = </smplx_humanoid/bodies/R_Toe/visuals/Looks/material_rgba/Shader.outputs:out>

                        def Shader "Shader"
                        {
                            uniform token info:id = "UsdPreviewSurface"
                            uniform token info:implementationSource = "sourceAsset"
                            uniform asset info:mdl:sourceAsset = @OmniPBR.mdl@
                            uniform token info:mdl:sourceAsset:subIdentifier = "OmniPBR"
                            color3f inputs:diffuse_color_constant = (0.8, 0.6, 0.4)
                            token outputs:out
                        }
                    }
                }
            }
        }

        def Xform "Torso" (
            prepend apiSchemas = ["PhysicsRigidBodyAPI", "PhysxRigidBodyAPI", "PhysicsMassAPI", "PhysicsFilteredPairsAPI"]
        )
        {
            float physics:density = 0
            prepend rel physics:filteredPairs = </smplx_humanoid/bodies/Chest>
            matrix4d xformOp:transform = ( (1, 0, 0, 0), (0, 1, 0, 0), (0, 0, 1, 0), (0.00030000018887221813, -0.24149999022483826, -0.015599999576807022, 1) )
            uniform token[] xformOpOrder = ["xformOp:transform"]

            def "collisions"
            {
                def Capsule "Torso" (
                    prepend apiSchemas = ["PhysicsCollisionAPI", "PhysicsMeshCollisionAPI"]
                )
                {
                    uniform token axis = "X"
                    float3[] extent = [(-0.07852212, -0.0719, -0.0719), (0.07852212, 0.0719, 0.0719)]
                    double height = 0.013244240544736385
                    uniform token physics:approximation = "convexHull"
                    uniform token purpose = "guide"
                    double radius = 0.07190000265836716
                    matrix4d xformOp:transform = ( (0.06795404160675766, 0.9966593977097205, -0.04530270558778726, 0), (-0.9966593977097205, 0.0698757863327728, 0.042278378660420834, 0), (0.04530270558778726, 0.042278378660420834, 0.9980782552739849, 0), (0.004750000312924385, 0.06589999794960022, -0.003000000026077032, 1) )
                    uniform token[] xformOpOrder = ["xformOp:transform"]
                }
            }

            def "visuals"
            {
                def Capsule "Torso" (
                    prepend apiSchemas = ["MaterialBindingAPI"]
                )
                {
                    uniform token axis = "X"
                    float3[] extent = [(-0.07852212, -0.0719, -0.0719), (0.07852212, 0.0719, 0.0719)]
                    double height = 0.013244240544736385
                    rel material:binding = </smplx_humanoid/bodies/Torso/visuals/Looks/material_rgba>
                    double radius = 0.07190000265836716
                    matrix4d xformOp:transform = ( (0.06795404160675766, 0.9966593977097205, -0.04530270558778726, 0), (-0.9966593977097205, 0.0698757863327728, 0.042278378660420834, 0), (0.04530270558778726, 0.042278378660420834, 0.9980782552739849, 0), (0.004750000312924385, 0.06589999794960022, -0.003000000026077032, 1) )
                    uniform token[] xformOpOrder = ["xformOp:transform"]
                }

                def Scope "Looks"
                {
                    def Material "material_rgba"
                    {
                        token outputs:mdl:displacement.connect = </smplx_humanoid/bodies/Torso/visuals/Looks/material_rgba/Shader.outputs:out>
                        token outputs:mdl:surface.connect = </smplx_humanoid/bodies/Torso/visuals/Looks/material_rgba/Shader.outputs:out>
                        token outputs:mdl:volume.connect = </smplx_humanoid/bodies/Torso/visuals/Looks/material_rgba/Shader.outputs:out>

                        def Shader "Shader"
                        {
                            uniform token info:id = "UsdPreviewSurface"
                            uniform token info:implementationSource = "sourceAsset"
                            uniform asset info:mdl:sourceAsset = @OmniPBR.mdl@
                            uniform token info:mdl:sourceAsset:subIdentifier = "OmniPBR"
                            color3f inputs:diffuse_color_constant = (0.8, 0.6, 0.4)
                            token outputs:out
                        }
                    }
                }
            }
        }

        def Xform "Spine" (
            prepend apiSchemas = ["PhysicsRigidBodyAPI", "PhysxRigidBodyAPI", "PhysicsMassAPI", "PhysicsFilteredPairsAPI"]
        )
        {
            float physics:density = 0
            matrix4d xformOp:transform = ( (1, 0, 0, 0), (0, 1, 0, 0), (0, 0, 1, 0), (0.009700000286102295, -0.1095999926328659, -0.02149999886751175, 1) )
            uniform token[] xformOpOrder = ["xformOp:transform"]

            def "collisions"
            {
                def Capsule "Spine" (
                    prepend apiSchemas = ["PhysicsCollisionAPI", "PhysicsMeshCollisionAPI"]
                )
                {
                    uniform token axis = "X"
                    float3[] extent = [(-0.079003744, -0.076, -0.076), (0.079003744, 0.076, 0.076)]
                    double height = 0.006007495801895857
                    uniform token physics:approximation = "convexHull"
                    uniform token purpose = "guide"
                    double radius = 0.07599999755620956
                    matrix4d xformOp:transform = ( (-0.18310454126936548, 0.8655854413381192, 0.466084380505265, 0), (-0.8655854413381192, 0.08282254849859072, -0.4938646884305058, 0), (-0.466084380505265, -0.4938646884305058, 0.7340729102320438, 0), (-0.0056500001810491085, 0.026099998503923416, 0.0142000000923872, 1) )
                    uniform token[] xformOpOrder = ["xformOp:transform"]
                }
            }

            def "visuals"
            {
                def Capsule "Spine" (
                    prepend apiSchemas = ["MaterialBindingAPI"]
                )
                {
                    uniform token axis = "X"
                    float3[] extent = [(-0.079003744, -0.076, -0.076), (0.079003744, 0.076, 0.076)]
                    double height = 0.006007495801895857
                    rel material:binding = </smplx_humanoid/bodies/Spine/visuals/Looks/material_rgba>
                    double radius = 0.07599999755620956
                    matrix4d xformOp:transform = ( (-0.18310454126936548, 0.8655854413381192, 0.466084380505265, 0), (-0.8655854413381192, 0.08282254849859072, -0.4938646884305058, 0), (-0.466084380505265, -0.4938646884305058, 0.7340729102320438, 0), (-0.0056500001810491085, 0.026099998503923416, 0.0142000000923872, 1) )
                    uniform token[] xformOpOrder = ["xformOp:transform"]
                }

                def Scope "Looks"
                {
                    def Material "material_rgba"
                    {
                        token outputs:mdl:displacement.connect = </smplx_humanoid/bodies/Spine/visuals/Looks/material_rgba/Shader.outputs:out>
                        token outputs:mdl:surface.connect = </smplx_humanoid/bodies/Spine/visuals/Looks/material_rgba/Shader.outputs:out>
                        token outputs:mdl:volume.connect = </smplx_humanoid/bodies/Spine/visuals/Looks/material_rgba/Shader.outputs:out>

                        def Shader "Shader"
                        {
                            uniform token info:id = "UsdPreviewSurface"
                            uniform token info:implementationSource = "sourceAsset"
                            uniform asset info:mdl:sourceAsset = @OmniPBR.mdl@
                            uniform token info:mdl:sourceAsset:subIdentifier = "OmniPBR"
                            color3f inputs:diffuse_color_constant = (0.8, 0.6, 0.4)
                            token outputs:out
                        }
                    }
                }
            }
        }

        def Xform "Chest" (
            prepend apiSchemas = ["PhysicsRigidBodyAPI", "PhysxRigidBodyAPI", "PhysicsMassAPI", "PhysicsFilteredPairsAPI"]
        )
        {
            float physics:density = 0
            prepend rel physics:filteredPairs = [
                </smplx_humanoid/bodies/Torso>,
                </smplx_humanoid/bodies/Head>,
                </smplx_humanoid/bodies/L_Shoulder>,
                </smplx_humanoid/bodies/R_Shoulder>,
            ]
            matrix4d xformOp:transform = ( (1, 0, 0, 0), (0, 1, 0, 0), (0, 0, 1, 0), (-0.001600000075995922, -0.057399991899728775, 0.0069000013172626495, 1) )
            uniform token[] xformOpOrder = ["xformOp:transform"]

            def "collisions"
            {
                def Capsule "Chest" (
                    prepend apiSchemas = ["PhysicsCollisionAPI", "PhysicsMeshCollisionAPI"]
                )
                {
                    uniform token axis = "X"
                    float3[] extent = [(-0.10842805, -0.1028, -0.1028), (0.10842805, 0.1028, 0.1028)]
                    double height = 0.011256108060479164
                    uniform token physics:approximation = "convexHull"
                    uniform token purpose = "guide"
                    double radius = 0.10279999673366547
                    matrix4d xformOp:transform = ( (-0.04442037087921147, 0.9861311554080743, -0.15991323856101136, 0), (-0.9861311554080743, -0.017659396364052782, 0.165025928784571, 0), (0.15991323856101136, 0.165025928784571, 0.9732390254848412, 0), (-0.0022499999031424522, 0.05574999749660492, -0.008700000122189522, 1) )
                    uniform token[] xformOpOrder = ["xformOp:transform"]
                }
            }

            def "visuals"
            {
                def Capsule "Chest" (
                    prepend apiSchemas = ["MaterialBindingAPI"]
                )
                {
